19	1	Chi2	100	0,7845659163987139	0,8568789393610086	0,6815286624203821	0,764538661468486	0,12944245338439941
19	2	Chi2	100	0,7636655948553055	0,8614069405201767	0,5668789808917197	0,7114197530864197	0,1559278964996338
19	3	Chi2	100	0,7980769230769231	0,8804039323762904	0,7870967741935484	0,8633333333333333	0,11681723594665527
19	4	Chi2	100	0,7708333333333334	0,8590452881411708	0,7096774193548387	0,8094166666666667	0,07551312446594238
19	5	Chi2	100	0,7355769230769231	0,8559859734276666	0,6129032258064516	0,7775	0,07635879516601562
42	1	Chi2	100	0,7845659163987139	0,8568789393610086	0,6815286624203821	0,764538661468486	0,11082720756530762
42	2	Chi2	100	0,7636655948553055	0,8614069405201767	0,5668789808917197	0,7114197530864197	0,15324020385742188
42	3	Chi2	100	0,7980769230769231	0,8804039323762904	0,7870967741935484	0,8633333333333333	0,13696765899658203
42	4	Chi2	100	0,7708333333333334	0,8590452881411708	0,7096774193548387	0,8094166666666667	0,08709001541137695
42	5	Chi2	100	0,7355769230769231	0,8559859734276666	0,6129032258064516	0,7775	0,10559725761413574
69	1	Chi2	100	0,7845659163987139	0,8568789393610086	0,6815286624203821	0,764538661468486	0,11769795417785645
69	2	Chi2	100	0,7636655948553055	0,8614069405201767	0,5668789808917197	0,7114197530864197	0,13448262214660645
69	3	Chi2	100	0,7980769230769231	0,8804039323762904	0,7870967741935484	0,8633333333333333	0,11503767967224121
69	4	Chi2	100	0,7708333333333334	0,8590452881411708	0,7096774193548387	0,8094166666666667	0,11020946502685547
69	5	Chi2	100	0,7355769230769231	0,8559859734276666	0,6129032258064516	0,7775	0,11644649505615234
19	1	Chi2	10	0,6688102893890675	0,8032001324763768	0,643312101910828	0,7759909031838856	0,12536382675170898
19	2	Chi2	10	0,7379421221864951	0,8030966353070244	0,6560509554140127	0,7310753736192334	0,16202998161315918
19	3	Chi2	10	0,7115384615384616	0,7880486199662703	0,6580645161290323	0,7471666666666666	0,0971825122833252
19	4	Chi2	10	0,6746794871794872	0,7277775492575377	0,5935483870967742	0,713	0,0952916145324707
19	5	Chi2	10	0,6907051282051282	0,7946762782279627	0,5612903225806452	0,6219166666666667	0,06558942794799805
42	1	Chi2	10	0,6688102893890675	0,8032001324763768	0,643312101910828	0,7759909031838856	0,10362100601196289
42	2	Chi2	10	0,7379421221864951	0,8030966353070244	0,6560509554140127	0,7310753736192334	0,14641284942626953
42	3	Chi2	10	0,7115384615384616	0,7880486199662703	0,6580645161290323	0,7471666666666666	0,07634377479553223
42	4	Chi2	10	0,6746794871794872	0,7277775492575377	0,5935483870967742	0,713	0,06939697265625
42	5	Chi2	10	0,6907051282051282	0,7946762782279627	0,5612903225806452	0,6219166666666667	0,07247161865234375
69	1	Chi2	10	0,6688102893890675	0,8032001324763768	0,643312101910828	0,7759909031838856	0,10979986190795898
69	2	Chi2	10	0,7379421221864951	0,8030966353070244	0,6560509554140127	0,7310753736192334	0,13230538368225098
69	3	Chi2	10	0,7115384615384616	0,7880486199662703	0,6580645161290323	0,7471666666666666	0,05051422119140625
69	4	Chi2	10	0,6746794871794872	0,7277775492575377	0,5935483870967742	0,713	0,05284261703491211
69	5	Chi2	10	0,6907051282051282	0,7946762782279627	0,5612903225806452	0,6219166666666667	0,05977773666381836
19	1	Chi2	200	0,7781350482315113	0,8515333105639561	0,6815286624203821	0,7755847953216374	0,13557147979736328
19	2	Chi2	200	0,7668810289389068	0,8591196530774884	0,554140127388535	0,71588693957115	0,11667251586914062
19	3	Chi2	200	0,8044871794871795	0,8819721525235489	0,7870967741935484	0,8436666666666667	0,09795308113098145
19	4	Chi2	200	0,7932692307692307	0,8675342437579696	0,7419354838709677	0,8103333333333333	0,0938863754272461
19	5	Chi2	200	0,7836538461538461	0,8787791534696228	0,832258064516129	0,8636666666666667	0,09688758850097656
42	1	Chi2	200	0,7781350482315113	0,8515333105639561	0,6815286624203821	0,7755847953216374	0,1105039119720459
42	2	Chi2	200	0,7668810289389068	0,8591196530774884	0,554140127388535	0,71588693957115	0,10599970817565918
42	3	Chi2	200	0,8044871794871795	0,8819721525235489	0,7870967741935484	0,8436666666666667	0,07967591285705566
42	4	Chi2	200	0,7932692307692307	0,8675342437579696	0,7419354838709677	0,8103333333333333	0,08625602722167969
42	5	Chi2	200	0,7836538461538461	0,8787791534696228	0,832258064516129	0,8636666666666667	0,0824735164642334
69	1	Chi2	200	0,7781350482315113	0,8515333105639561	0,6815286624203821	0,7755847953216374	0,1253981590270996
69	2	Chi2	200	0,7668810289389068	0,8591196530774884	0,554140127388535	0,71588693957115	0,1459815502166748
69	3	Chi2	200	0,8044871794871795	0,8819721525235489	0,7870967741935484	0,8436666666666667	0,07659721374511719
69	4	Chi2	200	0,7932692307692307	0,8675342437579696	0,7419354838709677	0,8103333333333333	0,08025240898132324
69	5	Chi2	200	0,7836538461538461	0,8787791534696228	0,832258064516129	0,8636666666666667	0,07246065139770508
19	1	Chi2	20	0,7845659163987139	0,8333385081918009	0,6942675159235668	0,7833008447043535	0,11713719367980957
19	2	Chi2	20	0,7668810289389068	0,8214259839993376	0,643312101910828	0,7210851202079271	0,13211870193481445
19	3	Chi2	20	0,7339743589743589	0,7930360742050924	0,6903225806451613	0,7471666666666666	0,07732224464416504
19	4	Chi2	20	0,6762820512820513	0,7564271317510591	0,5935483870967742	0,7145833333333333	0,07719779014587402
19	5	Chi2	20	0,6907051282051282	0,8117004648101682	0,5741935483870968	0,65	0,07963967323303223
42	1	Chi2	20	0,7845659163987139	0,8333385081918009	0,6942675159235668	0,7833008447043535	0,1191706657409668
42	2	Chi2	20	0,7668810289389068	0,8214259839993376	0,643312101910828	0,7210851202079271	0,1614844799041748
42	3	Chi2	20	0,7339743589743589	0,7930360742050924	0,6903225806451613	0,7471666666666666	0,10125422477722168
42	4	Chi2	20	0,6762820512820513	0,7564271317510591	0,5935483870967742	0,7145833333333333	0,07036304473876953
42	5	Chi2	20	0,6907051282051282	0,8117004648101682	0,5741935483870968	0,65	0,06569218635559082
69	1	Chi2	20	0,7845659163987139	0,8333385081918009	0,6942675159235668	0,7833008447043535	0,12012171745300293
69	2	Chi2	20	0,7668810289389068	0,8214259839993376	0,643312101910828	0,7210851202079271	0,12293744087219238
69	3	Chi2	20	0,7339743589743589	0,7930360742050924	0,6903225806451613	0,7471666666666666	0,15884017944335938
69	4	Chi2	20	0,6762820512820513	0,7564271317510591	0,5935483870967742	0,7145833333333333	0,14938855171203613
69	5	Chi2	20	0,6907051282051282	0,8117004648101682	0,5741935483870968	0,65	0,11218643188476562
19	1	Chi2	50	0,7845659163987139	0,8586021672307262	0,6942675159235668	0,7732293697205979	0,12476968765258789
19	2	Chi2	50	0,8118971061093248	0,8730400223553885	0,6624203821656051	0,7440708252111761	0,15683817863464355
19	3	Chi2	50	0,7451923076923077	0,8442474599975319	0,7419354838709677	0,8071666666666667	0,13783693313598633
19	4	Chi2	50	0,719551282051282	0,8212948870881494	0,6451612903225806	0,7479166666666667	0,10024380683898926
19	5	Chi2	50	0,7243589743589743	0,8385041750647856	0,6193548387096774	0,7468333333333333	0,06725621223449707
42	1	Chi2	50	0,7845659163987139	0,8586021672307262	0,6942675159235668	0,7732293697205979	0,10821247100830078
42	2	Chi2	50	0,8118971061093248	0,8730400223553885	0,6624203821656051	0,7440708252111761	0,10082817077636719
42	3	Chi2	50	0,7451923076923077	0,8442474599975319	0,7419354838709677	0,8071666666666667	0,06917643547058105
42	4	Chi2	50	0,719551282051282	0,8212948870881494	0,6451612903225806	0,7479166666666667	0,06505298614501953
42	5	Chi2	50	0,7243589743589743	0,8385041750647856	0,6193548387096774	0,7468333333333333	0,06177544593811035
69	1	Chi2	50	0,7845659163987139	0,8586021672307262	0,6942675159235668	0,7732293697205979	0,11965489387512207
69	2	Chi2	50	0,8118971061093248	0,8730400223553885	0,6624203821656051	0,7440708252111761	0,12330460548400879
69	3	Chi2	50	0,7451923076923077	0,8442474599975319	0,7419354838709677	0,8071666666666667	0,10582900047302246
69	4	Chi2	50	0,719551282051282	0,8212948870881494	0,6451612903225806	0,7479166666666667	0,07013392448425293
69	5	Chi2	50	0,7243589743589743	0,8385041750647856	0,6193548387096774	0,7468333333333333	0,06660151481628418
19	1	Chi2	5	0,6607717041800643	0,7864025418904792	0,6242038216560509	0,7378167641325536	0,11649870872497559
19	2	Chi2	5	0,6639871382636656	0,7847983357655168	0,6369426751592356	0,7241715399610137	0,10836601257324219
19	3	Chi2	5	0,6602564102564102	0,7325490518695241	0,6064516129032258	0,665	0,048848867416381836
19	4	Chi2	5	0,6778846153846154	0,7214532516144956	0,5870967741935483	0,6873333333333334	0,05117011070251465
19	5	Chi2	5	0,6875	0,7672761301468471	0,5483870967741935	0,5185	0,062029123306274414
42	1	Chi2	5	0,6607717041800643	0,7864025418904792	0,6242038216560509	0,7378167641325536	0,1674642562866211
42	2	Chi2	5	0,6639871382636656	0,7847983357655168	0,6369426751592356	0,7241715399610137	0,05592823028564453
42	3	Chi2	5	0,6602564102564102	0,7325490518695241	0,6064516129032258	0,665	0,051398515701293945
42	4	Chi2	5	0,6778846153846154	0,7214532516144956	0,5870967741935483	0,6873333333333334	0,05063128471374512
42	5	Chi2	5	0,6875	0,7672761301468471	0,5483870967741935	0,5185	0,06077861785888672
69	1	Chi2	5	0,6607717041800643	0,7864025418904792	0,6242038216560509	0,7378167641325536	0,11924147605895996
69	2	Chi2	5	0,6639871382636656	0,7847983357655168	0,6369426751592356	0,7241715399610137	0,09365200996398926
69	3	Chi2	5	0,6602564102564102	0,7325490518695241	0,6064516129032258	0,665	0,06726622581481934
69	4	Chi2	5	0,6778846153846154	0,7214532516144956	0,5870967741935483	0,6873333333333334	0,0655527114868164
69	5	Chi2	5	0,6875	0,7672761301468471	0,5483870967741935	0,5185	0,07084918022155762
19	1	CORR	99	0,7684887459807074	0,8631560426822324	0,6305732484076433	0,7139376218323586	40,94688582420349
19	2	CORR	99	0,7556270096463023	0,866209209178129	0,6369426751592356	0,7275828460038987	40,92449975013733
19	3	CORR	99	0,7708333333333334	0,8509368187240344	0,8	0,8720833333333333	41,01315498352051
19	4	CORR	99	0,7740384615384616	0,8528495331331496	0,7483870967741936	0,7973333333333333	41,12157416343689
19	5	CORR	99	0,7692307692307693	0,8508494097322201	0,7677419354838709	0,86	41,161344051361084
42	1	CORR	99	0,7684887459807074	0,8631560426822324	0,6305732484076433	0,7139376218323586	36,09151268005371
42	2	CORR	99	0,7556270096463023	0,866209209178129	0,6369426751592356	0,7275828460038987	36,10012674331665
42	3	CORR	99	0,7708333333333334	0,8509368187240344	0,8	0,8720833333333333	36,20125102996826
42	4	CORR	99	0,7740384615384616	0,8528495331331496	0,7483870967741936	0,7973333333333333	36,223511934280396
42	5	CORR	99	0,7692307692307693	0,8508494097322201	0,7677419354838709	0,86	36,22927761077881
69	1	CORR	99	0,7684887459807074	0,8631560426822324	0,6305732484076433	0,7139376218323586	36,045225858688354
69	2	CORR	99	0,7556270096463023	0,866209209178129	0,6369426751592356	0,7275828460038987	36,03853392601013
69	3	CORR	99	0,7708333333333334	0,8509368187240344	0,8	0,8720833333333333	36,15792965888977
69	4	CORR	99	0,7740384615384616	0,8528495331331496	0,7483870967741936	0,7973333333333333	36,160184144973755
69	5	CORR	99	0,7692307692307693	0,8508494097322201	0,7677419354838709	0,86	36,18632650375366
19	1	CORR	9	0,6189710610932476	0,6617091522546859	0,5987261146496815	0,6616309291747888	36,17977595329285
19	2	CORR	9	0,6254019292604501	0,6840541911178729	0,5605095541401274	0,5984405458089669	36,104345083236694
19	3	CORR	9	0,6394230769230769	0,6757434906009625	0,5935483870967742	0,6073333333333334	36,19308686256409
19	4	CORR	9	0,6410256410256411	0,6859652009378472	0,5870967741935483	0,5791666666666666	36,22061038017273
19	5	CORR	9	0,6169871794871795	0,6646168401135287	0,5870967741935483	0,6143333333333334	36,238309383392334
42	1	CORR	9	0,6189710610932476	0,6617091522546859	0,5987261146496815	0,6616309291747888	40,897098779678345
42	2	CORR	9	0,6254019292604501	0,6840541911178729	0,5605095541401274	0,5984405458089669	40,962947845458984
42	3	CORR	9	0,6394230769230769	0,6757434906009625	0,5935483870967742	0,6073333333333334	41,13639783859253
42	4	CORR	9	0,6410256410256411	0,6859652009378472	0,5870967741935483	0,5791666666666666	41,16853380203247
42	5	CORR	9	0,6169871794871795	0,6646168401135287	0,5870967741935483	0,6143333333333334	41,248029947280884
69	1	CORR	9	0,6189710610932476	0,6617091522546859	0,5987261146496815	0,6616309291747888	35,986926794052124
69	2	CORR	9	0,6254019292604501	0,6840541911178729	0,5605095541401274	0,5984405458089669	36,004483222961426
69	3	CORR	9	0,6394230769230769	0,6757434906009625	0,5935483870967742	0,6073333333333334	36,113354444503784
69	4	CORR	9	0,6410256410256411	0,6859652009378472	0,5870967741935483	0,5791666666666666	36,10358262062073
69	5	CORR	9	0,6169871794871795	0,6646168401135287	0,5870967741935483	0,6143333333333334	36,1185188293457
19	1	CORR	199	0,7684887459807074	0,8595129423210275	0,6114649681528662	0,7015919428200129	35,99744987487793
19	2	CORR	199	0,7652733118971061	0,8698523095393341	0,6050955414012739	0,7341617933723198	35,966899394989014
19	3	CORR	199	0,7900641025641025	0,8557134630414216	0,8	0,8642499999999999	36,0786874294281
19	4	CORR	199	0,7660256410256411	0,8498262103574514	0,7483870967741936	0,8058333333333333	36,06558537483215
19	5	CORR	199	0,7836538461538461	0,8594360577516351	0,7677419354838709	0,84425	36,083528995513916
19	1	CORR	199	0,7684887459807074	0,8595129423210275	0,6114649681528662	0,7015919428200129	40,72685194015503
19	2	CORR	199	0,7652733118971061	0,8698523095393341	0,6050955414012739	0,7341617933723198	40,88935613632202
19	3	CORR	199	0,7900641025641025	0,8557134630414216	0,8	0,8642499999999999	40,94989609718323
19	4	CORR	199	0,7660256410256411	0,8498262103574514	0,7483870967741936	0,8058333333333333	41,025397062301636
19	5	CORR	199	0,7836538461538461	0,8594360577516351	0,7677419354838709	0,84425	41,01361680030823
42	1	CORR	199	0,7684887459807074	0,8595129423210275	0,6114649681528662	0,7015919428200129	35,76803398132324
42	2	CORR	199	0,7652733118971061	0,8698523095393341	0,6050955414012739	0,7341617933723198	35,77286720275879
42	3	CORR	199	0,7900641025641025	0,8557134630414216	0,8	0,8642499999999999	35,774616956710815
42	4	CORR	199	0,7660256410256411	0,8498262103574514	0,7483870967741936	0,8058333333333333	35,824440479278564
42	5	CORR	199	0,7836538461538461	0,8594360577516351	0,7677419354838709	0,84425	35,73879528045654
69	1	CORR	199	0,7684887459807074	0,8595129423210275	0,6114649681528662	0,7015919428200129	36,052326917648315
69	2	CORR	199	0,7652733118971061	0,8698523095393341	0,6050955414012739	0,7341617933723198	36,06540322303772
69	3	CORR	199	0,7900641025641025	0,8557134630414216	0,8	0,8642499999999999	36,16798448562622
69	4	CORR	199	0,7660256410256411	0,8498262103574514	0,7483870967741936	0,8058333333333333	36,17129921913147
69	5	CORR	199	0,7836538461538461	0,8594360577516351	0,7677419354838709	0,84425	36,17167067527771
19	1	CORR	19	0,684887459807074	0,7765185622173234	0,5796178343949044	0,6323911630929174	35,814539194107056
19	2	CORR	19	0,7122186495176849	0,7852123244429265	0,5923566878980892	0,6189083820662767	35,826088666915894
19	3	CORR	19	0,7019230769230769	0,7557895602813541	0,6903225806451613	0,7766666666666666	35,88698768615723
19	4	CORR	19	0,6810897435897436	0,7534655094401712	0,6516129032258065	0,7061666666666667	35,84141421318054
19	5	CORR	19	0,6794871794871795	0,7605610628933406	0,6129032258064516	0,6806666666666666	35,85900330543518
42	1	CORR	19	0,684887459807074	0,7765185622173234	0,5796178343949044	0,6323911630929174	40,98556971549988
42	2	CORR	19	0,7122186495176849	0,7852123244429265	0,5923566878980892	0,6189083820662767	41,04175591468811
42	3	CORR	19	0,7019230769230769	0,7557895602813541	0,6903225806451613	0,7766666666666666	41,12662744522095
42	4	CORR	19	0,6810897435897436	0,7534655094401712	0,6516129032258065	0,7061666666666667	41,16994571685791
42	5	CORR	19	0,6794871794871795	0,7605610628933406	0,6129032258064516	0,6806666666666666	41,192771196365356
69	1	CORR	19	0,684887459807074	0,7765185622173234	0,5796178343949044	0,6323911630929174	36,0217399597168
69	2	CORR	19	0,7122186495176849	0,7852123244429265	0,5923566878980892	0,6189083820662767	36,031975746154785
69	3	CORR	19	0,7019230769230769	0,7557895602813541	0,6903225806451613	0,7766666666666666	36,14078664779663
69	4	CORR	19	0,6810897435897436	0,7534655094401712	0,6516129032258065	0,7061666666666667	36,146604776382446
69	5	CORR	19	0,6794871794871795	0,7605610628933406	0,6129032258064516	0,6806666666666666	36,15630602836609
19	1	CORR	49	0,7636655948553055	0,8399675018888233	0,643312101910828	0,7012670565302144	41,12564301490784
19	2	CORR	49	0,7491961414790996	0,8434501816375323	0,6369426751592356	0,7001299545159194	41,06484842300415
19	3	CORR	49	0,7419871794871795	0,8213977211961665	0,7483870967741936	0,8266666666666667	41,281473875045776
19	4	CORR	49	0,7323717948717948	0,8166570688165851	0,6580645161290323	0,718	41,13230085372925
19	5	CORR	49	0,7483974358974359	0,8293365143350748	0,7096774193548387	0,8011666666666667	41,150415897369385
42	1	CORR	49	0,7636655948553055	0,8399675018888233	0,643312101910828	0,7012670565302144	35,82897472381592
42	2	CORR	49	0,7491961414790996	0,8434501816375323	0,6369426751592356	0,7001299545159194	35,7819619178772
42	3	CORR	49	0,7419871794871795	0,8213977211961665	0,7483870967741936	0,8266666666666667	35,873966217041016
42	4	CORR	49	0,7323717948717948	0,8166570688165851	0,6580645161290323	0,718	35,864283084869385
42	5	CORR	49	0,7483974358974359	0,8293365143350748	0,7096774193548387	0,8011666666666667	35,84802770614624
69	1	CORR	49	0,7636655948553055	0,8399675018888233	0,643312101910828	0,7012670565302144	36,00131297111511
69	2	CORR	49	0,7491961414790996	0,8434501816375323	0,6369426751592356	0,7001299545159194	36,005003929138184
69	3	CORR	49	0,7419871794871795	0,8213977211961665	0,7483870967741936	0,8266666666666667	36,099462032318115
69	4	CORR	49	0,7323717948717948	0,8166570688165851	0,6580645161290323	0,718	36,10573863983154
69	5	CORR	49	0,7483974358974359	0,8293365143350748	0,7096774193548387	0,8011666666666667	36,13181924819946
19	1	CORR	4	0,5498392282958199	0,5916001697353577	0,535031847133758	0,593404808317089	36,0032696723938
19	2	CORR	4	0,5498392282958199	0,5805156228977137	0,5605095541401274	0,5974658869395711	35,98693037033081
19	3	CORR	4	0,5705128205128205	0,6047159721936572	0,5161290322580645	0,5696666666666665	36,09006333351135
19	4	CORR	4	0,5737179487179487	0,6199662704125705	0,4967741935483871	0,5166666666666666	36,11420464515686
19	5	CORR	4	0,5608974358974359	0,6091892558923944	0,6193548387096774	0,6161666666666668	36,11032152175903
42	1	CORR	4	0,5498392282958199	0,5916001697353577	0,535031847133758	0,593404808317089	41,04433608055115
42	2	CORR	4	0,5498392282958199	0,5805156228977137	0,5605095541401274	0,5974658869395711	41,04254603385925
42	3	CORR	4	0,5705128205128205	0,6047159721936572	0,5161290322580645	0,5696666666666665	41,18204617500305
42	4	CORR	4	0,5737179487179487	0,6199662704125705	0,4967741935483871	0,5166666666666666	41,13391089439392
42	5	CORR	4	0,5608974358974359	0,6091892558923944	0,6193548387096774	0,6161666666666668	41,138099193573
69	1	CORR	4	0,5498392282958199	0,5916001697353577	0,535031847133758	0,593404808317089	36,10493850708008
69	2	CORR	4	0,5498392282958199	0,5805156228977137	0,5605095541401274	0,5974658869395711	36,09262013435364
69	3	CORR	4	0,5705128205128205	0,6047159721936572	0,5161290322580645	0,5696666666666665	36,21875619888306
69	4	CORR	4	0,5737179487179487	0,6199662704125705	0,4967741935483871	0,5166666666666666	36,20589590072632
69	5	CORR	4	0,5608974358974359	0,6091892558923944	0,6193548387096774	0,6161666666666668	36,22111177444458
19	1	ETC	100	0,8263665594855305	0,8887405429461503	0,7515923566878981	0,8203378817413904	0,7116425037384033
19	2	ETC	100	0,8327974276527331	0,889387400254603	0,6942675159235668	0,7967836257309941	0,7005019187927246
19	3	ETC	100	0,8205128205128205	0,9018242770762206	0,8129032258064516	0,865	0,7207493782043457
19	4	ETC	100	0,8189102564102564	0,9010633046768953	0,8	0,9047499999999999	0,7229857444763184
19	5	ETC	100	0,8237179487179487	0,9144677306569043	0,8	0,8778333333333334	0,7156109809875488
42	1	ETC	100	0,8231511254019293	0,8850974425849454	0,7707006369426752	0,8269168291098115	0,7076537609100342
42	2	ETC	100	0,8327974276527331	0,9066041543763779	0,7006369426751592	0,8259421702404159	0,7020342350006104
42	3	ETC	100	0,8141025641025641	0,8956593723006048	0,8193548387096774	0,8655833333333334	0,7276601791381836
42	4	ETC	100	0,8141025641025641	0,8979217226769776	0,8129032258064516	0,9011666666666667	0,7277092933654785
42	5	ETC	100	0,8333333333333334	0,9084108016947061	0,7741935483870968	0,8738333333333334	0,7170076370239258
69	1	ETC	100	0,8118971061093248	0,8761759865867669	0,7770700636942676	0,8175763482781027	0,7134101390838623
69	2	ETC	100	0,8167202572347267	0,8834311381583715	0,6560509554140127	0,7708739441195581	0,7114977836608887
69	3	ETC	100	0,8125	0,9063541195343672	0,8064516129032258	0,884	0,7291624546051025
69	4	ETC	100	0,8173076923076923	0,8978137468635597	0,8193548387096774	0,8851666666666667	0,7255909442901611
69	5	ETC	100	0,8205128205128205	0,9053206367487969	0,7935483870967742	0,8506666666666667	0,7243051528930664
19	1	ETC	10	0,819935691318328	0,8664162035168339	0,8152866242038217	0,8801169590643274	0,6828107833862305
19	2	ETC	10	0,8344051446945338	0,8741629666428623	0,7006369426751592	0,7803768680961662	0,6812236309051514
19	3	ETC	10	0,7708333333333334	0,8668401135288553	0,7612903225806451	0,8273333333333334	0,7017459869384766
19	4	ETC	10	0,75	0,8609477191394841	0,6645161290322581	0,8058333333333334	0,7006638050079346
19	5	ETC	10	0,7932692307692307	0,8849903335938465	0,7419354838709677	0,8295	0,6925947666168213
42	1	ETC	10	0,792604501607717	0,873852475134805	0,7770700636942676	0,8321962313190381	0,6835711002349854
42	2	ETC	10	0,8279742765273312	0,8899773341199118	0,7261146496815286	0,8500649772579597	0,6912529468536377
42	3	ETC	10	0,7996794871794872	0,8711231541277611	0,8193548387096774	0,8811666666666667	0,694756269454956
42	4	ETC	10	0,7964743589743589	0,8864505779276871	0,7483870967741936	0,865	0,7020566463470459
42	5	ETC	10	0,7996794871794872	0,8919110690633869	0,7483870967741936	0,8106666666666668	0,690161943435669
69	1	ETC	10	0,7942122186495176	0,8718963786340443	0,7770700636942676	0,8424301494476933	0,6820926666259766
69	2	ETC	10	0,7861736334405145	0,8547727719646867	0,6942675159235668	0,7574723846653669	0,6807973384857178
69	3	ETC	10	0,7964743589743589	0,8727016576858213	0,7806451612903226	0,8479999999999999	0,6985480785369873
69	4	ETC	10	0,7532051282051282	0,8589733042655587	0,6709677419354839	0,7873333333333333	0,7013471126556396
69	5	ETC	10	0,7451923076923077	0,8560373904816749	0,6903225806451613	0,808	0,6894121170043945
19	1	ETC	200	0,8295819935691319	0,9025263659038925	0,7643312101910829	0,8336582196231318	0,6926522254943848
19	2	ETC	200	0,819935691318328	0,8948106519286697	0,6560509554140127	0,7923976608187133	0,6915102005004883
19	3	ETC	200	0,8237179487179487	0,9021070708732672	0,8387096774193549	0,8836666666666667	0,703355073928833
19	4	ETC	200	0,8205128205128205	0,913429106165933	0,8580645161290322	0,9209166666666667	0,6986939907073975
19	5	ETC	200	0,8285256410256411	0,90770638805479	0,7677419354838709	0,8638333333333333	0,6880865097045898
42	1	ETC	200	0,8263665594855305	0,8964562569213732	0,7579617834394905	0,8532326185834957	0,6926488876342773
42	2	ETC	200	0,8311897106109325	0,8953333126338995	0,6751592356687898	0,7888239116309292	0,6793293952941895
42	3	ETC	200	0,8221153846153846	0,9059170745752951	0,8	0,8711666666666666	0,708843469619751
42	4	ETC	200	0,8333333333333334	0,913634774381967	0,8387096774193549	0,9013333333333333	0,7041130065917969
42	5	ETC	200	0,8269230769230769	0,9028269096293857	0,7935483870967742	0,8548333333333333	0,6932244300842285
69	1	ETC	200	0,8183279742765274	0,8851491911696214	0,7452229299363057	0,8148148148148148	0,692662239074707
69	2	ETC	200	0,8231511254019293	0,8954419846617195	0,6687898089171974	0,7890675763482782	0,6783084869384766
69	3	ETC	200	0,8205128205128205	0,8999989716589198	0,8129032258064516	0,882	0,7100861072540283
69	4	ETC	200	0,8125	0,9053309201595985	0,8258064516129032	0,9171666666666666	0,7050073146820068
69	5	ETC	200	0,8221153846153846	0,9186222286207889	0,7806451612903226	0,8674166666666666	0,6943376064300537
19	1	ETC	20	0,8006430868167203	0,862317715610478	0,7834394904458599	0,836582196231319	0,6874816417694092
19	2	ETC	20	0,8231511254019293	0,8801968516161082	0,7133757961783439	0,7953216374269005	0,6836152076721191
19	3	ETC	20	0,7884615384615384	0,8852936942124965	0,8129032258064516	0,8553333333333333	0,7062215805053711
19	4	ETC	20	0,7964743589743589	0,8928365760355395	0,7419354838709677	0,8561666666666666	0,7027664184570312
19	5	ETC	20	0,780448717948718	0,891402040228703	0,6774193548387096	0,7878333333333333	0,6949856281280518
42	1	ETC	20	0,8006430868167203	0,870152451330456	0,7452229299363057	0,8476283300844704	0,6849277019500732
42	2	ETC	20	0,8344051446945338	0,9040167251425673	0,7006369426751592	0,8111598440545807	0,6817407608032227
42	3	ETC	20	0,8173076923076923	0,882136687096376	0,7870967741935484	0,8336666666666667	0,7071232795715332
42	4	ETC	20	0,7660256410256411	0,8658271975648884	0,7290322580645161	0,85425	0,7014601230621338
42	5	ETC	20	0,8044871794871795	0,8961015589650776	0,7870967741935484	0,842	0,6931056976318359
69	1	ETC	20	0,8183279742765274	0,8800985293052236	0,7452229299363057	0,8302469135802468	0,6879820823669434
69	2	ETC	20	0,8263665594855305	0,8941844940540877	0,6878980891719745	0,8112410656270305	0,6838138103485107
69	3	ETC	20	0,7948717948717948	0,8867950721895439	0,7935483870967742	0,8976666666666666	0,7128920555114746
69	4	ETC	20	0,7836538461538461	0,873586031014767	0,8	0,9	0,7067892551422119
69	5	ETC	20	0,8189102564102564	0,886990456994776	0,7741935483870968	0,8325	0,6950359344482422
19	1	ETC	50	0,8135048231511254	0,8952194657476118	0,7197452229299363	0,8203378817413906	0,7081167697906494
19	2	ETC	50	0,8344051446945338	0,9040788234441788	0,7006369426751592	0,8341455490578297	0,6934783458709717
19	3	ETC	50	0,8108974358974359	0,901001604212085	0,8129032258064516	0,8896666666666666	0,7277140617370605
19	4	ETC	50	0,8205128205128205	0,909290033318251	0,8129032258064516	0,8973333333333333	0,7146990299224854
19	5	ETC	50	0,8221153846153846	0,9073927440253383	0,7935483870967742	0,8585833333333333	0,7130813598632812
42	1	ETC	50	0,815112540192926	0,8755446538537173	0,7261146496815286	0,7863872644574399	0,688164472579956
42	2	ETC	50	0,8344051446945338	0,9004253733660383	0,7133757961783439	0,7897985705003249	0,6847202777862549
42	3	ETC	50	0,8157051282051282	0,8940603019209411	0,8064516129032258	0,8848333333333334	0,7082583904266357
42	4	ETC	50	0,7852564102564102	0,8841470939081074	0,7677419354838709	0,8710833333333333	0,7104086875915527
42	5	ETC	50	0,8525641025641025	0,9131874460120933	0,7935483870967742	0,8771666666666668	0,6946449279785156
69	1	ETC	50	0,8247588424437299	0,8870897630949794	0,7961783439490446	0,8557504873294346	0,6893703937530518
69	2	ETC	50	0,8167202572347267	0,8888543898324383	0,6878980891719745	0,7758284600389863	0,6840496063232422
69	3	ETC	50	0,8189102564102564	0,8918802188309819	0,8064516129032258	0,8441666666666666	0,7064354419708252
69	4	ETC	50	0,7980769230769231	0,9041894615606104	0,8258064516129032	0,9039166666666667	0,7034916877746582
69	5	ETC	50	0,8125	0,901875694130229	0,7870967741935484	0,8568333333333333	0,6940085887908936
19	1	ETC	5	0,7717041800643086	0,8771799091294853	0,7579617834394905	0,8507147498375569	0,6764883995056152
19	2	ETC	5	0,7877813504823151	0,8484697943511245	0,6496815286624203	0,6809616634178036	0,6677970886230469
19	3	ETC	5	0,7339743589743589	0,8357019456213237	0,7419354838709677	0,8273333333333334	0,7227506637573242
19	4	ETC	5	0,7387820512820513	0,8290280120110238	0,7354838709677419	0,7975833333333333	0,6900970935821533
19	5	ETC	5	0,7660256410256411	0,8476718357944962	0,6709677419354839	0,7786666666666666	0,5828332901000977
42	1	ETC	5	0,752411575562701	0,8569979611057637	0,7898089171974523	0,8721572449642625	0,6171607971191406
42	2	ETC	5	0,7668810289389068	0,8544364061642914	0,7006369426751592	0,7789148797920729	0,6266703605651855
42	3	ETC	5	0,7836538461538461	0,8528546748385504	0,7935483870967742	0,8231666666666666	0,66943359375
42	4	ETC	5	0,7419871794871795	0,838930936613056	0,6709677419354839	0,8174166666666667	0,6599249839782715
42	5	ETC	5	0,7852564102564102	0,8449672987536506	0,7935483870967742	0,861	0,6671769618988037
69	1	ETC	5	0,7427652733118971	0,82387886691299	0,7197452229299363	0,8057179987004548	0,6137206554412842
69	2	ETC	5	0,7218649517684887	0,8228852940872068	0,7197452229299363	0,8222059779077322	0,6266582012176514
69	3	ETC	5	0,7788461538461539	0,857852412488174	0,7548387096774194	0,8159999999999998	0,6626248359680176
69	4	ETC	5	0,7371794871794872	0,8350026736868084	0,7806451612903226	0,8524999999999999	0,6645219326019287
69	5	ETC	5	0,7932692307692307	0,8475690016864794	0,7354838709677419	0,8119999999999998	0,6730825901031494
19	1	FC	100	0,8247588424437299	0,8773662040343196	0,7707006369426752	0,8232618583495777	0,10430622100830078
19	2	FC	100	0,8327974276527331	0,8795551691661232	0,6624203821656051	0,7912605588044185	0,08614683151245117
19	3	FC	100	0,8076923076923077	0,8873195261404303	0,8	0,8471666666666666	0,10332798957824707
19	4	FC	100	0,7788461538461539	0,8777508123894534	0,7354838709677419	0,8478333333333333	0,08612775802612305
19	5	FC	100	0,7932692307692307	0,8943585208341902	0,7677419354838709	0,8494999999999999	0,10286116600036621
42	1	FC	100	0,8247588424437299	0,8773662040343196	0,7707006369426752	0,8232618583495777	0,10461020469665527
42	2	FC	100	0,8327974276527331	0,8795551691661232	0,6624203821656051	0,7912605588044185	0,08612298965454102
42	3	FC	100	0,8076923076923077	0,8873195261404303	0,8	0,8471666666666666	0,10272908210754395
42	4	FC	100	0,7788461538461539	0,8777508123894534	0,7354838709677419	0,8478333333333333	0,08617568016052246
42	5	FC	100	0,7932692307692307	0,8943585208341902	0,7677419354838709	0,8494999999999999	0,1034090518951416
69	1	FC	100	0,8247588424437299	0,8773662040343196	0,7707006369426752	0,8232618583495777	0,10631203651428223
69	2	FC	100	0,8327974276527331	0,8795551691661232	0,6624203821656051	0,7912605588044185	0,08610320091247559
69	3	FC	100	0,8076923076923077	0,8873195261404303	0,8	0,8471666666666666	0,10397982597351074
69	4	FC	100	0,7788461538461539	0,8777508123894534	0,7354838709677419	0,8478333333333333	0,08635735511779785
69	5	FC	100	0,7932692307692307	0,8943585208341902	0,7677419354838709	0,8494999999999999	0,1037139892578125
19	1	FC	10	0,770096463022508	0,8575464961033316	0,7961783439490446	0,865009746588694	0,10028624534606934
19	2	FC	10	0,8102893890675241	0,8680152347833286	0,7515923566878981	0,8055555555555555	0,08249545097351074
19	3	FC	10	0,7868589743589743	0,8683620583275061	0,7419354838709677	0,8113333333333334	0,09971737861633301
19	4	FC	10	0,7628205128205128	0,8572662580724774	0,7612903225806451	0,8609999999999999	0,08244538307189941
19	5	FC	10	0,8012820512820513	0,8802393978034635	0,7806451612903226	0,8536666666666667	0,10082030296325684
42	1	FC	10	0,770096463022508	0,8575464961033316	0,7961783439490446	0,865009746588694	0,10261750221252441
42	2	FC	10	0,8102893890675241	0,8680152347833286	0,7515923566878981	0,8055555555555555	0,08550167083740234
42	3	FC	10	0,7868589743589743	0,8683620583275061	0,7419354838709677	0,8113333333333334	0,10091519355773926
42	4	FC	10	0,7628205128205128	0,8572662580724774	0,7612903225806451	0,8609999999999999	0,08395671844482422
42	5	FC	10	0,8012820512820513	0,8802393978034635	0,7806451612903226	0,8536666666666667	0,1013343334197998
69	1	FC	10	0,770096463022508	0,8575464961033316	0,7961783439490446	0,865009746588694	0,10272049903869629
69	2	FC	10	0,8102893890675241	0,8680152347833286	0,7515923566878981	0,8055555555555555	0,08429932594299316
69	3	FC	10	0,7868589743589743	0,8683620583275061	0,7419354838709677	0,8113333333333334	0,10194516181945801
69	4	FC	10	0,7628205128205128	0,8572662580724774	0,7612903225806451	0,8609999999999999	0,08690237998962402
69	5	FC	10	0,8012820512820513	0,8802393978034635	0,7806451612903226	0,8536666666666667	0,1011204719543457
19	1	FC	200	0,8086816720257235	0,8642893366866417	0,7388535031847133	0,8066114359974009	0,10783839225769043
19	2	FC	200	0,8311897106109325	0,8779613127580961	0,643312101910828	0,792722547108512	0,08966302871704102
19	3	FC	200	0,8157051282051282	0,890188597754103	0,8129032258064516	0,8485	0,10695862770080566
19	4	FC	200	0,7964743589743589	0,8615390152605815	0,7548387096774194	0,8286666666666667	0,08945107460021973
19	5	FC	200	0,7980769230769231	0,8925897741762988	0,7806451612903226	0,8249166666666667	0,10843086242675781
42	1	FC	200	0,8086816720257235	0,8642893366866417	0,7388535031847133	0,8066114359974009	0,1084737777709961
42	2	FC	200	0,8311897106109325	0,8779613127580961	0,643312101910828	0,792722547108512	0,09216165542602539
42	3	FC	200	0,8157051282051282	0,890188597754103	0,8129032258064516	0,8485	0,10767316818237305
42	4	FC	200	0,7964743589743589	0,8615390152605815	0,7548387096774194	0,8286666666666667	0,09232759475708008
42	5	FC	200	0,7980769230769231	0,8925897741762988	0,7806451612903226	0,8249166666666667	0,10782289505004883
69	1	FC	200	0,8086816720257235	0,8642893366866417	0,7388535031847133	0,8066114359974009	0,10680818557739258
69	2	FC	200	0,8311897106109325	0,8779613127580961	0,643312101910828	0,792722547108512	0,08873653411865234
69	3	FC	200	0,8157051282051282	0,890188597754103	0,8129032258064516	0,8485	0,10735034942626953
69	4	FC	200	0,7964743589743589	0,8615390152605815	0,7548387096774194	0,8286666666666667	0,08942365646362305
69	5	FC	200	0,7980769230769231	0,8925897741762988	0,7806451612903226	0,8249166666666667	0,10750770568847656
19	1	FC	20	0,8054662379421221	0,8732263172602228	0,8152866242038217	0,8554256010396362	0,10339546203613281
19	2	FC	20	0,8183279742765274	0,881319795903582	0,7388535031847133	0,8027940220922676	0,08423399925231934
19	3	FC	20	0,8044871794871795	0,8768253054173007	0,8129032258064516	0,8573333333333334	0,10213732719421387
19	4	FC	20	0,780448717948718	0,8719921023405043	0,7677419354838709	0,8708333333333335	0,08462643623352051
19	5	FC	20	0,7964743589743589	0,890024063181276	0,7741935483870968	0,833	0,10233759880065918
42	1	FC	20	0,8054662379421221	0,8732263172602228	0,8152866242038217	0,8554256010396362	0,10196280479431152
42	2	FC	20	0,8183279742765274	0,881319795903582	0,7388535031847133	0,8027940220922676	0,08355855941772461
42	3	FC	20	0,8044871794871795	0,8768253054173007	0,8129032258064516	0,8573333333333334	0,10104107856750488
42	4	FC	20	0,780448717948718	0,8719921023405043	0,7677419354838709	0,8708333333333335	0,08337569236755371
42	5	FC	20	0,7964743589743589	0,890024063181276	0,7741935483870968	0,833	0,10151982307434082
69	1	FC	20	0,8054662379421221	0,8732263172602228	0,8152866242038217	0,8554256010396362	0,10146880149841309
69	2	FC	20	0,8183279742765274	0,881319795903582	0,7388535031847133	0,8027940220922676	0,08410143852233887
69	3	FC	20	0,8044871794871795	0,8768253054173007	0,8129032258064516	0,8573333333333334	0,10081362724304199
69	4	FC	20	0,780448717948718	0,8719921023405043	0,7677419354838709	0,8708333333333335	0,08431243896484375
69	5	FC	20	0,7964743589743589	0,890024063181276	0,7741935483870968	0,833	0,10104894638061523
19	1	FC	50	0,8183279742765274	0,8789807598762174	0,7707006369426752	0,8303281351526965	0,10309505462646484
19	2	FC	50	0,8279742765273312	0,8789393610084764	0,7006369426751592	0,7896361273554257	0,08503460884094238
19	3	FC	50	0,8028846153846154	0,8930730944839785	0,7806451612903226	0,8458333333333333	0,10192179679870605
19	4	FC	50	0,780448717948718	0,8807124347003413	0,7483870967741936	0,8541666666666666	0,08474063873291016
19	5	FC	50	0,7964743589743589	0,8987958125951215	0,7548387096774194	0,8433333333333334	0,10207819938659668
42	1	FC	50	0,8183279742765274	0,8789807598762174	0,7707006369426752	0,8303281351526965	0,10317254066467285
42	2	FC	50	0,8279742765273312	0,8789393610084764	0,7006369426751592	0,7896361273554257	0,0852804183959961
42	3	FC	50	0,8028846153846154	0,8930730944839785	0,7806451612903226	0,8458333333333333	0,10185551643371582
42	4	FC	50	0,780448717948718	0,8807124347003413	0,7483870967741936	0,8541666666666666	0,0849313735961914
42	5	FC	50	0,7964743589743589	0,8987958125951215	0,7548387096774194	0,8433333333333334	0,10265040397644043
69	1	FC	50	0,8183279742765274	0,8789807598762174	0,7707006369426752	0,8303281351526965	0,10152292251586914
69	2	FC	50	0,8279742765273312	0,8789393610084764	0,7006369426751592	0,7896361273554257	0,08335089683532715
69	3	FC	50	0,8028846153846154	0,8930730944839785	0,7806451612903226	0,8458333333333333	0,10111236572265625
69	4	FC	50	0,780448717948718	0,8807124347003413	0,7483870967741936	0,8541666666666666	0,08403825759887695
69	5	FC	50	0,7964743589743589	0,8987958125951215	0,7548387096774194	0,8433333333333334	0,1024637222290039
19	1	FC	5	0,7604501607717041	0,8436778754101077	0,7515923566878981	0,8148148148148148	0,10320258140563965
19	2	FC	5	0,8022508038585209	0,8634147856056137	0,7197452229299363	0,7971085120207927	0,0835428237915039
19	3	FC	5	0,7708333333333334	0,8543046357615894	0,7548387096774194	0,8168333333333334	0,10096287727355957
19	4	FC	5	0,7564102564102564	0,8503455226029369	0,7741935483870968	0,8733333333333333	0,08376932144165039
19	5	FC	5	0,7756410256410257	0,8538727325079183	0,7290322580645161	0,8286666666666668	0,10123300552368164
42	1	FC	5	0,7604501607717041	0,8436778754101077	0,7515923566878981	0,8148148148148148	0,09995508193969727
42	2	FC	5	0,8022508038585209	0,8634147856056137	0,7197452229299363	0,7971085120207927	0,08158636093139648
42	3	FC	5	0,7708333333333334	0,8543046357615894	0,7548387096774194	0,8168333333333334	0,0996859073638916
42	4	FC	5	0,7564102564102564	0,8503455226029369	0,7741935483870968	0,8733333333333333	0,08249926567077637
42	5	FC	5	0,7756410256410257	0,8538727325079183	0,7290322580645161	0,8286666666666668	0,10031962394714355
69	1	FC	5	0,7604501607717041	0,8436778754101077	0,7515923566878981	0,8148148148148148	0,09974789619445801
69	2	FC	5	0,8022508038585209	0,8634147856056137	0,7197452229299363	0,7971085120207927	0,08184814453125
69	3	FC	5	0,7708333333333334	0,8543046357615894	0,7548387096774194	0,8168333333333334	0,09909963607788086
69	4	FC	5	0,7564102564102564	0,8503455226029369	0,7741935483870968	0,8733333333333333	0,08264589309692383
69	5	FC	5	0,7756410256410257	0,8538727325079183	0,7290322580645161	0,8286666666666668	0,10071086883544922
19	1	LASSO	99	0,7684887459807074	0,8631560426822324	0,6305732484076433	0,7139376218323586	4,002594470977783
19	2	LASSO	99	0,7556270096463023	0,866209209178129	0,6369426751592356	0,7275828460038987	4,262111186981201
19	3	LASSO	99	0,7708333333333334	0,8509368187240344	0,8	0,8720833333333333	4,263416290283203
19	4	LASSO	99	0,7740384615384616	0,8528495331331496	0,7483870967741936	0,7973333333333333	4,294676065444946
19	5	LASSO	99	0,7692307692307693	0,8508494097322201	0,7677419354838709	0,86	4,298579692840576
42	1	LASSO	99	0,7684887459807074	0,8631560426822324	0,6305732484076433	0,7139376218323586	3,9908552169799805
42	2	LASSO	99	0,7556270096463023	0,866209209178129	0,6369426751592356	0,7275828460038987	4,2615673542022705
42	3	LASSO	99	0,7708333333333334	0,8509368187240344	0,8	0,8720833333333333	4,2473530769348145
42	4	LASSO	99	0,7740384615384616	0,8528495331331496	0,7483870967741936	0,7973333333333333	4,260798215866089
42	5	LASSO	99	0,7692307692307693	0,8508494097322201	0,7677419354838709	0,86	4,2616355419158936
69	1	LASSO	99	0,7684887459807074	0,8631560426822324	0,6305732484076433	0,7139376218323586	4,2726500034332275
69	2	LASSO	99	0,7556270096463023	0,866209209178129	0,6369426751592356	0,7275828460038987	4,264217853546143
69	3	LASSO	99	0,7708333333333334	0,8509368187240344	0,8	0,8720833333333333	4,236721038818359
69	4	LASSO	99	0,7740384615384616	0,8528495331331496	0,7483870967741936	0,7973333333333333	4,250258684158325
69	5	LASSO	99	0,7692307692307693	0,8508494097322201	0,7677419354838709	0,86	4,0052995681762695
19	1	LASSO	9	0,6189710610932476	0,6617091522546859	0,5987261146496815	0,6616309291747888	4,26690411567688
19	2	LASSO	9	0,6254019292604501	0,6840541911178729	0,5605095541401274	0,5984405458089669	4,255499362945557
19	3	LASSO	9	0,6394230769230769	0,6757434906009625	0,5935483870967742	0,6073333333333334	4,2715911865234375
19	4	LASSO	9	0,6410256410256411	0,6859652009378472	0,5870967741935483	0,5791666666666666	4,25867223739624
19	5	LASSO	9	0,6169871794871795	0,6646168401135287	0,5870967741935483	0,6143333333333334	3,9610283374786377
42	1	LASSO	9	0,6189710610932476	0,6617091522546859	0,5987261146496815	0,6616309291747888	4,270437240600586
42	2	LASSO	9	0,6254019292604501	0,6840541911178729	0,5605095541401274	0,5984405458089669	4,260836362838745
42	3	LASSO	9	0,6394230769230769	0,6757434906009625	0,5935483870967742	0,6073333333333334	4,241735219955444
42	4	LASSO	9	0,6410256410256411	0,6859652009378472	0,5870967741935483	0,5791666666666666	4,246630907058716
42	5	LASSO	9	0,6169871794871795	0,6646168401135287	0,5870967741935483	0,6143333333333334	3,9502978324890137
69	1	LASSO	9	0,6189710610932476	0,6617091522546859	0,5987261146496815	0,6616309291747888	3,95707106590271
69	2	LASSO	9	0,6254019292604501	0,6840541911178729	0,5605095541401274	0,5984405458089669	4,2652428150177
69	3	LASSO	9	0,6394230769230769	0,6757434906009625	0,5935483870967742	0,6073333333333334	4,2802300453186035
69	4	LASSO	9	0,6410256410256411	0,6859652009378472	0,5870967741935483	0,5791666666666666	4,271359205245972
69	5	LASSO	9	0,6169871794871795	0,6646168401135287	0,5870967741935483	0,6143333333333334	4,296738386154175
19	1	LASSO	199	0,7684887459807074	0,8595129423210275	0,6114649681528662	0,7015919428200129	4,2780234813690186
19	2	LASSO	199	0,7652733118971061	0,8698523095393341	0,6050955414012739	0,7341617933723198	4,269056081771851
19	3	LASSO	199	0,7900641025641025	0,8557134630414216	0,8	0,8642499999999999	4,245070219039917
19	4	LASSO	199	0,7660256410256411	0,8498262103574514	0,7483870967741936	0,8058333333333333	4,256723880767822
19	5	LASSO	199	0,7836538461538461	0,8594360577516351	0,7677419354838709	0,84425	4,025700330734253
42	1	LASSO	199	0,7684887459807074	0,8595129423210275	0,6114649681528662	0,7015919428200129	4,277047395706177
42	2	LASSO	199	0,7652733118971061	0,8698523095393341	0,6050955414012739	0,7341617933723198	4,270614147186279
42	3	LASSO	199	0,7900641025641025	0,8557134630414216	0,8	0,8642499999999999	4,246462106704712
42	4	LASSO	199	0,7660256410256411	0,8498262103574514	0,7483870967741936	0,8058333333333333	4,259844064712524
42	5	LASSO	199	0,7836538461538461	0,8594360577516351	0,7677419354838709	0,84425	4,017648458480835
69	1	LASSO	199	0,7684887459807074	0,8595129423210275	0,6114649681528662	0,7015919428200129	4,013464450836182
69	2	LASSO	199	0,7652733118971061	0,8698523095393341	0,6050955414012739	0,7341617933723198	4,269470691680908
69	3	LASSO	199	0,7900641025641025	0,8557134630414216	0,8	0,8642499999999999	4,25366735458374
69	4	LASSO	199	0,7660256410256411	0,8498262103574514	0,7483870967741936	0,8058333333333333	4,262961149215698
69	5	LASSO	199	0,7836538461538461	0,8594360577516351	0,7677419354838709	0,84425	4,277271509170532
19	1	LASSO	19	0,684887459807074	0,7765185622173234	0,5796178343949044	0,6323911630929174	3,971689462661743
19	2	LASSO	19	0,7122186495176849	0,7852123244429265	0,5923566878980892	0,6189083820662767	4,261047124862671
19	3	LASSO	19	0,7019230769230769	0,7557895602813541	0,6903225806451613	0,7766666666666666	4,276844263076782
19	4	LASSO	19	0,6810897435897436	0,7534655094401712	0,6516129032258065	0,7061666666666667	4,271227121353149
19	5	LASSO	19	0,6794871794871795	0,7605610628933406	0,6129032258064516	0,6806666666666666	4,274032354354858
42	1	LASSO	19	0,684887459807074	0,7765185622173234	0,5796178343949044	0,6323911630929174	3,968393325805664
42	2	LASSO	19	0,7122186495176849	0,7852123244429265	0,5923566878980892	0,6189083820662767	4,260231256484985
42	3	LASSO	19	0,7019230769230769	0,7557895602813541	0,6903225806451613	0,7766666666666666	4,243967533111572
42	4	LASSO	19	0,6810897435897436	0,7534655094401712	0,6516129032258065	0,7061666666666667	4,26389741897583
42	5	LASSO	19	0,6794871794871795	0,7605610628933406	0,6129032258064516	0,6806666666666666	4,261401414871216
69	1	LASSO	19	0,684887459807074	0,7765185622173234	0,5796178343949044	0,6323911630929174	4,268022775650024
69	2	LASSO	19	0,7122186495176849	0,7852123244429265	0,5923566878980892	0,6189083820662767	4,255522727966309
69	3	LASSO	19	0,7019230769230769	0,7557895602813541	0,6903225806451613	0,7766666666666666	4,237868309020996
69	4	LASSO	19	0,6810897435897436	0,7534655094401712	0,6516129032258065	0,7061666666666667	4,24822998046875
69	5	LASSO	19	0,6794871794871795	0,7605610628933406	0,6129032258064516	0,6806666666666666	3,970055103302002
19	1	LASSO	49	0,7636655948553055	0,8399675018888233	0,643312101910828	0,7012670565302144	4,267887830734253
19	2	LASSO	49	0,7491961414790996	0,8434501816375323	0,6369426751592356	0,7001299545159194	4,2598347663879395
19	3	LASSO	49	0,7419871794871795	0,8213977211961665	0,7483870967741936	0,8266666666666667	4,238611459732056
19	4	LASSO	49	0,7323717948717948	0,8166570688165851	0,6580645161290323	0,718	4,25095796585083
19	5	LASSO	49	0,7483974358974359	0,8293365143350748	0,7096774193548387	0,8011666666666667	3,993536949157715
42	1	LASSO	49	0,7636655948553055	0,8399675018888233	0,643312101910828	0,7012670565302144	4,269803762435913
42	2	LASSO	49	0,7491961414790996	0,8434501816375323	0,6369426751592356	0,7001299545159194	4,261653661727905
42	3	LASSO	49	0,7419871794871795	0,8213977211961665	0,7483870967741936	0,8266666666666667	4,2379677295684814
42	4	LASSO	49	0,7323717948717948	0,8166570688165851	0,6580645161290323	0,718	4,2547454833984375
42	5	LASSO	49	0,7483974358974359	0,8293365143350748	0,7096774193548387	0,8011666666666667	3,9838104248046875
69	1	LASSO	49	0,7636655948553055	0,8399675018888233	0,643312101910828	0,7012670565302144	3,989332437515259
69	2	LASSO	49	0,7491961414790996	0,8434501816375323	0,6369426751592356	0,7001299545159194	4,26296329498291
69	3	LASSO	49	0,7419871794871795	0,8213977211961665	0,7483870967741936	0,8266666666666667	4,246563673019409
69	4	LASSO	49	0,7323717948717948	0,8166570688165851	0,6580645161290323	0,718	4,257855415344238
69	5	LASSO	49	0,7483974358974359	0,8293365143350748	0,7096774193548387	0,8011666666666667	4,26190185546875
19	1	LASSO	4	0,5498392282958199	0,5916001697353577	0,535031847133758	0,593404808317089	3,9494986534118652
19	2	LASSO	4	0,5498392282958199	0,5805156228977137	0,5605095541401274	0,5974658869395711	4,263500928878784
19	3	LASSO	4	0,5705128205128205	0,6047159721936572	0,5161290322580645	0,5696666666666665	4,273007154464722
19	4	LASSO	4	0,5737179487179487	0,6199662704125705	0,4967741935483871	0,5166666666666666	4,269989013671875
19	5	LASSO	4	0,5608974358974359	0,6091892558923944	0,6193548387096774	0,6161666666666668	4,266094207763672
42	1	LASSO	4	0,5498392282958199	0,5916001697353577	0,535031847133758	0,593404808317089	3,9496238231658936
42	2	LASSO	4	0,5498392282958199	0,5805156228977137	0,5605095541401274	0,5974658869395711	4,2648396492004395
42	3	LASSO	4	0,5705128205128205	0,6047159721936572	0,5161290322580645	0,5696666666666665	4,249000072479248
42	4	LASSO	4	0,5737179487179487	0,6199662704125705	0,4967741935483871	0,5166666666666666	4,267133712768555
42	5	LASSO	4	0,5608974358974359	0,6091892558923944	0,6193548387096774	0,6161666666666668	4,269283294677734
69	1	LASSO	4	0,5498392282958199	0,5916001697353577	0,535031847133758	0,593404808317089	4,27338171005249
69	2	LASSO	4	0,5498392282958199	0,5805156228977137	0,5605095541401274	0,5974658869395711	4,261331796646118
69	3	LASSO	4	0,5705128205128205	0,6047159721936572	0,5161290322580645	0,5696666666666665	4,274434328079224
69	4	LASSO	4	0,5737179487179487	0,6199662704125705	0,4967741935483871	0,5166666666666666	4,2594733238220215
69	5	LASSO	4	0,5608974358974359	0,6091892558923944	0,6193548387096774	0,6161666666666668	3,943150758743286
19	1	MI	100	0,7636655948553055	0,8398277807101975	0,6815286624203821	0,7703053931124106	29,610161781311035
19	2	MI	100	0,7717041800643086	0,8576551681311515	0,535031847133758	0,7068713450292398	29,677082300186157
19	3	MI	100	0,8205128205128205	0,8879262473777303	0,8129032258064516	0,8452500000000001	29,756584882736206
19	4	MI	100	0,8092948717948718	0,898039981901197	0,8064516129032258	0,8938333333333334	29,754799842834473
19	5	MI	100	0,8141025641025641	0,9110330714491383	0,8193548387096774	0,878	29,718624353408813
42	1	MI	100	0,7636655948553055	0,8455666987507892	0,6815286624203821	0,7787524366471734	33,05120921134949
42	2	MI	100	0,77491961414791	0,8507933058030862	0,5414012738853503	0,708414554905783	33,09585094451904
42	3	MI	100	0,8157051282051282	0,8886563695446505	0,8193548387096774	0,8551666666666666	33,17864966392517
42	4	MI	100	0,8044871794871795	0,8931913537081979	0,8193548387096774	0,9033333333333333	33,19846820831299
42	5	MI	100	0,8060897435897436	0,9068991403068571	0,8193548387096774	0,8796666666666667	33,36362099647522
69	1	MI	100	0,7636655948553055	0,8410542221670237	0,6687898089171974	0,7620207927225471	29,593514919281006
69	2	MI	100	0,7733118971061094	0,8555438258763624	0,5222929936305732	0,7069525666016894	29,684380531311035
69	3	MI	100	0,8092948717948718	0,8881267738883634	0,8064516129032258	0,8481666666666666	29,75436782836914
69	4	MI	100	0,8060897435897436	0,8935512730862573	0,8193548387096774	0,89975	29,752650260925293
69	5	MI	100	0,8108974358974359	0,9051458187651681	0,8258064516129032	0,8875	29,73674511909485
19	1	MI	10	0,792604501607717	0,8461100588898893	0,7197452229299363	0,7935347628330084	33,34788489341736
19	2	MI	10	0,8054662379421221	0,8590834290682151	0,7006369426751592	0,7750162443144899	33,39051628112793
19	3	MI	10	0,7612179487179487	0,8541503845995639	0,7612903225806451	0,8296666666666666	33,3839385509491
19	4	MI	10	0,7628205128205128	0,8622948459545062	0,7806451612903226	0,8815	33,44649076461792
19	5	MI	10	0,7868589743589743	0,8571274320266546	0,7483870967741936	0,8283333333333333	33,46670699119568
42	1	MI	10	0,792604501607717	0,8461100588898893	0,7197452229299363	0,7935347628330084	33,324474811553955
42	2	MI	10	0,8054662379421221	0,8590834290682151	0,7006369426751592	0,7750162443144899	33,388524532318115
42	3	MI	10	0,780448717948718	0,8614618896795689	0,8129032258064516	0,8473333333333333	33,61426568031311
42	4	MI	10	0,7772435897435898	0,8575696186911275	0,832258064516129	0,9075	33,563924074172974
42	5	MI	10	0,7756410256410257	0,8537030562296903	0,7290322580645161	0,8388333333333332	33,46876907348633
69	1	MI	10	0,7572347266881029	0,8370592314300205	0,7197452229299363	0,8101039636127355	33,598923206329346
69	2	MI	10	0,8054662379421221	0,8553109572453194	0,6369426751592356	0,7545484080571799	33,63367962837219
69	3	MI	10	0,7612179487179487	0,8541503845995639	0,7612903225806451	0,8296666666666666	33,83614659309387
69	4	MI	10	0,7628205128205128	0,8622948459545062	0,7806451612903226	0,8815	33,80758571624756
69	5	MI	10	0,7756410256410257	0,8537030562296903	0,7290322580645161	0,8388333333333332	33,85418438911438
19	1	MI	200	0,7636655948553055	0,8471967791680897	0,6815286624203821	0,7649447693307342	29,52362370491028
19	2	MI	200	0,7508038585209004	0,846441249831817	0,5222929936305732	0,7077647823261858	29,562838315963745
19	3	MI	200	0,8285256410256411	0,9055263049648307	0,8064516129032258	0,8693333333333332	29,643805265426636
19	4	MI	200	0,8157051282051282	0,894836699436469	0,8129032258064516	0,8921666666666667	29,66598391532898
19	5	MI	200	0,8092948717948718	0,9000658138291309	0,8	0,8811666666666667	29,635732412338257
42	1	MI	200	0,770096463022508	0,8457788679479615	0,6878980891719745	0,7634827810266406	33,23883676528931
42	2	MI	200	0,7508038585209004	0,8417424783432172	0,5159235668789809	0,7030539311241065	33,19861054420471
42	3	MI	200	0,8269230769230769	0,9041534696228045	0,832258064516129	0,8705	33,26071643829346
42	4	MI	200	0,8173076923076923	0,8901628892270989	0,8	0,8868333333333333	33,37231516838074
42	5	MI	200	0,8108974358974359	0,8994436674756283	0,7935483870967742	0,8885	33,47777032852173
69	1	MI	200	0,7652733118971061	0,8499291044389936	0,6878980891719745	0,7694931773879142	29,633511543273926
69	2	MI	200	0,7556270096463023	0,8478281119011395	0,5222929936305732	0,7056530214424951	29,712611436843872
69	3	MI	200	0,8269230769230769	0,906061042326519	0,8193548387096774	0,8663333333333333	29,81884789466858
69	4	MI	200	0,8125	0,8874069351322448	0,8193548387096774	0,8795	29,776806354522705
69	5	MI	200	0,8125	0,9010787297930978	0,8	0,8906666666666667	29,74632954597473
19	1	MI	20	0,7781350482315113	0,8435019302222084	0,6687898089171974	0,771361273554256	29,64089298248291
19	2	MI	20	0,7909967845659164	0,8481437782676644	0,6242038216560509	0,7358674463937621	29,65358877182007
19	3	MI	20	0,8076923076923077	0,8809695199703838	0,8451612903225807	0,8636666666666667	29,768652200698853
19	4	MI	20	0,7996794871794872	0,8730512936530787	0,8129032258064516	0,898	29,813920497894287
19	5	MI	20	0,7724358974358975	0,876953848052322	0,7419354838709677	0,8243333333333334	29,77197766304016
42	1	MI	20	0,792604501607717	0,8482369257200816	0,6942675159235668	0,7849252761533463	32,82544660568237
42	2	MI	20	0,8070739549839229	0,8554144544146718	0,6242038216560509	0,7459389213775178	32,89728760719299
42	3	MI	20	0,8076923076923077	0,8814682653942659	0,8064516129032258	0,8540000000000001	32,84288263320923
42	4	MI	20	0,7996794871794872	0,8730512936530787	0,8129032258064516	0,898	32,981722593307495
42	5	MI	20	0,7724358974358975	0,876953848052322	0,7419354838709677	0,8243333333333334	32,90522742271423
69	1	MI	20	0,7861736334405145	0,8441643121060639	0,6751592356687898	0,7684372969460688	29,33479118347168
69	2	MI	20	0,7942122186495176	0,8476469918547728	0,6178343949044586	0,7340805717998701	29,397936820983887
69	3	MI	20	0,8157051282051282	0,8834838139113982	0,8451612903225807	0,8678333333333332	29,512866735458374
69	4	MI	20	0,7884615384615384	0,8715601990868332	0,8064516129032258	0,901	29,54932951927185
69	5	MI	20	0,8012820512820513	0,8813654312862491	0,7806451612903226	0,8735	29,48741126060486
19	1	MI	50	0,7942122186495176	0,8439521429088914	0,6687898089171974	0,7706302794022092	29,384321928024292
19	2	MI	50	0,8086816720257235	0,8684654474700118	0,6050955414012739	0,7342430149447693	29,433950901031494
19	3	MI	50	0,8205128205128205	0,8844915881699642	0,832258064516129	0,8688333333333332	29,529480934143066
19	4	MI	50	0,7996794871794872	0,8870881493973921	0,8193548387096774	0,9035	29,55884313583374
19	5	MI	50	0,8125	0,8967442721401834	0,8129032258064516	0,87775	29,504497051239014
42	1	MI	50	0,7877813504823151	0,8376543401537967	0,6815286624203821	0,7709551656920077	33,480493783950806
42	2	MI	50	0,8086816720257235	0,8682791525651774	0,6114649681528662	0,732050032488629	33,45144724845886
42	3	MI	50	0,8253205128205128	0,8885998107852413	0,832258064516129	0,8773333333333333	33,48702144622803
42	4	MI	50	0,8012820512820513	0,8918236600715727	0,8129032258064516	0,905	33,621516942977905
42	5	MI	50	0,8141025641025641	0,9025338324215376	0,8193548387096774	0,8807499999999999	33,5726203918457
69	1	MI	50	0,7958199356913184	0,8369402096852651	0,6751592356687898	0,7584470435347627	29,55327868461609
69	2	MI	50	0,7990353697749196	0,8641961892342245	0,6050955414012739	0,7268518518518517	29,635689973831177
69	3	MI	50	0,8173076923076923	0,8868002138949448	0,8258064516129032	0,8696666666666667	29,719016551971436
69	4	MI	50	0,7948717948717948	0,88847126815022	0,8129032258064516	0,8961666666666667	29,73269271850586
69	5	MI	50	0,8092948717948718	0,9032485294722553	0,8064516129032258	0,86925	29,732014417648315
19	1	MI	5	0,7170418006430869	0,8235580256879975	0,6942675159235668	0,788174139051332	33,77563762664795
19	2	MI	5	0,7797427652733119	0,8396518355222985	0,6496815286624203	0,7491877842755036	33,90701484680176
19	3	MI	5	0,75	0,8418462835753363	0,7354838709677419	0,8113333333333334	34,02319931983948
19	4	MI	5	0,7051282051282052	0,8102196536547241	0,8064516129032258	0,8885000000000001	34,17491030693054
19	5	MI	5	0,7932692307692307	0,8506643083377896	0,7419354838709677	0,8073333333333333	34,079627990722656
42	1	MI	5	0,752411575562701	0,8460427857298102	0,6687898089171974	0,7781026640675763	32,70737671852112
42	2	MI	5	0,7797427652733119	0,8396518355222985	0,6496815286624203	0,7491877842755036	32,883835315704346
42	3	MI	5	0,75	0,8418462835753363	0,7354838709677419	0,8113333333333334	33,17678618431091
42	4	MI	5	0,6875	0,8367251449960923	0,6838709677419355	0,8255	33,273784160614014
42	5	MI	5	0,7932692307692307	0,8506643083377896	0,7419354838709677	0,8073333333333333	33,21903085708618
69	1	MI	5	0,752411575562701	0,8460427857298102	0,6687898089171974	0,7781026640675763	33,855640172958374
69	2	MI	5	0,7797427652733119	0,8396518355222985	0,6496815286624203	0,7491877842755036	33,99105095863342
69	3	MI	5	0,75	0,8418462835753363	0,7354838709677419	0,8113333333333334	34,02816700935364
69	4	MI	5	0,6875	0,8367251449960923	0,6838709677419355	0,8255	33,96060848236084
69	5	MI	5	0,7932692307692307	0,8506643083377896	0,7419354838709677	0,8073333333333333	33,98892116546631
19	1	REF_LR	100	0,797427652733119	0,8906138417114291	0,6815286624203821	0,7854126055880443	5402,1678965091705
19	2	REF_LR	100	0,8231511254019293	0,9126483890665591	0,6178343949044586	0,7446393762183234	5329,3028173446655
19	3	REF_LR	100	0,8317307692307693	0,9108376866439059	0,8451612903225807	0,9145	5320,328404903412
19	4	REF_LR	100	0,8333333333333334	0,9130589033770721	0,7870967741935484	0,8748333333333334	5362,893216371536
19	5	REF_LR	100	0,8397435897435898	0,9167043725062729	0,8129032258064516	0,8673333333333334	5390,775591135025
42	1	REF_LR	100	0,797427652733119	0,8906138417114291	0,6815286624203821	0,7854126055880443	5527,767890453339
42	2	REF_LR	100	0,8231511254019293	0,9126483890665591	0,6178343949044586	0,7446393762183234	5461,262270927429
42	3	REF_LR	100	0,8317307692307693	0,9108376866439059	0,8451612903225807	0,9145	5486,969347238541
42	4	REF_LR	100	0,8333333333333334	0,9130589033770721	0,7870967741935484	0,8748333333333334	5534,605535268784
42	5	REF_LR	100	0,8397435897435898	0,9167043725062729	0,8129032258064516	0,8673333333333334	5616,68257188797
69	1	REF_LR	100	0,797427652733119	0,8906138417114291	0,6815286624203821	0,7854126055880443	5429,07697892189
69	2	REF_LR	100	0,8231511254019293	0,9126483890665591	0,6178343949044586	0,7446393762183234	5346,4344830513
69	3	REF_LR	100	0,8317307692307693	0,9108376866439059	0,8451612903225807	0,9145	5334,415751218796
69	4	REF_LR	100	0,8333333333333334	0,9130589033770721	0,7870967741935484	0,8748333333333334	5365,918896198273
69	5	REF_LR	100	0,8397435897435898	0,9167043725062729	0,8129032258064516	0,8673333333333334	5368,830007314682
19	1	REF_LR	10	0,7347266881028939	0,8343527804514546	0,5923566878980892	0,6999675113710201	5659,608607530594
19	2	REF_LR	10	0,7170418006430869	0,8005402552240195	0,5414012738853503	0,6933073424301495	5570,494253396988
19	3	REF_LR	10	0,7612179487179487	0,868130681584468	0,7419354838709677	0,8126666666666666	5604,9050669670105
19	4	REF_LR	10	0,7708333333333334	0,8757558306939246	0,8516129032258064	0,9133333333333333	5624,069299697876
19	5	REF_LR	10	0,6842948717948718	0,8591172720167826	0,6064516129032258	0,6893333333333332	5716,890476942062
42	1	REF_LR	10	0,7347266881028939	0,8343527804514546	0,5923566878980892	0,6999675113710201	4146,612427473068
42	2	REF_LR	10	0,7170418006430869	0,8005402552240195	0,5414012738853503	0,6933073424301495	4084,875594139099
42	3	REF_LR	10	0,7612179487179487	0,868130681584468	0,7419354838709677	0,8126666666666666	4092,3998510837555
42	4	REF_LR	10	0,7708333333333334	0,8757558306939246	0,8516129032258064	0,9133333333333333	4123,1776440143585
42	5	REF_LR	10	0,6842948717948718	0,8591172720167826	0,6064516129032258	0,6893333333333332	4172,196566581726
69	1	REF_LR	10	0,7347266881028939	0,8343527804514546	0,5923566878980892	0,6999675113710201	4150,061703443527
69	2	REF_LR	10	0,7170418006430869	0,8005402552240195	0,5414012738853503	0,6933073424301495	4084,526168823242
69	3	REF_LR	10	0,7612179487179487	0,868130681584468	0,7419354838709677	0,8126666666666666	4092,4138247966766
69	4	REF_LR	10	0,7708333333333334	0,8757558306939246	0,8516129032258064	0,9133333333333333	4124,725397348404
69	5	REF_LR	10	0,6842948717948718	0,8591172720167826	0,6064516129032258	0,6893333333333332	4167,406908273697
19	1	REF_LR	200	0,8038585209003215	0,8817751834487327	0,6878980891719745	0,7906920077972709	3832,6600551605225
19	2	REF_LR	200	0,8295819935691319	0,9068628972997588	0,6369426751592356	0,7673814165042234	3771,1974728107452
19	3	REF_LR	200	0,8349358974358975	0,8988523713545309	0,8193548387096774	0,8548333333333333	3824,7029225826263
19	4	REF_LR	200	0,8397435897435898	0,9166478137468635	0,8064516129032258	0,87175	3832,3848145008087
19	5	REF_LR	200	0,842948717948718	0,9169357492493111	0,8064516129032258	0,9024166666666668	3934,4110972881317
42	1	REF_LR	200	0,8038585209003215	0,8817751834487327	0,6878980891719745	0,7906920077972709	5374,602232694626
42	2	REF_LR	200	0,8295819935691319	0,9068628972997588	0,6369426751592356	0,7673814165042234	5304,5889365673065
42	3	REF_LR	200	0,8349358974358975	0,8988523713545309	0,8193548387096774	0,8548333333333333	5306,762774944305
42	4	REF_LR	200	0,8397435897435898	0,9166478137468635	0,8064516129032258	0,87175	5343,408567428589
42	5	REF_LR	200	0,842948717948718	0,9169357492493111	0,8064516129032258	0,9024166666666668	5419,086408615112
69	1	REF_LR	200	0,8038585209003215	0,8817751834487327	0,6878980891719745	0,7906920077972709	5366,035710811615
69	2	REF_LR	200	0,8295819935691319	0,9068628972997588	0,6369426751592356	0,7673814165042234	5297,173804521561
69	3	REF_LR	200	0,8349358974358975	0,8988523713545309	0,8193548387096774	0,8548333333333333	5298,923770904541
69	4	REF_LR	200	0,8397435897435898	0,9166478137468635	0,8064516129032258	0,87175	5339,389423370361
69	5	REF_LR	200	0,842948717948718	0,9169357492493111	0,8064516129032258	0,9024166666666668	5420,377742052078
19	1	REF_LR	20	0,7958199356913184	0,8805694414257771	0,6560509554140127	0,7612085769980506	5552,178390741348
19	2	REF_LR	20	0,8102893890675241	0,8992558553523561	0,6114649681528662	0,7119883040935673	5480,912671327591
19	3	REF_LR	20	0,7948717948717948	0,8650816502817653	0,7806451612903226	0,8346666666666667	5500,38014793396
19	4	REF_LR	20	0,7676282051282052	0,8907850355806013	0,7935483870967742	0,8695	5545,18616938591
19	5	REF_LR	20	0,780448717948718	0,9086216116161407	0,6516129032258065	0,7761666666666667	5609,564604759216
42	1	REF_LR	20	0,7958199356913184	0,8805694414257771	0,6560509554140127	0,7612085769980506	5554,3593072891235
42	2	REF_LR	20	0,8102893890675241	0,8992558553523561	0,6114649681528662	0,7119883040935673	5485,603323936462
42	3	REF_LR	20	0,7948717948717948	0,8650816502817653	0,7806451612903226	0,8346666666666667	5502,367816209793
42	4	REF_LR	20	0,7676282051282052	0,8907850355806013	0,7935483870967742	0,8695	5553,238181352615
42	5	REF_LR	20	0,780448717948718	0,9086216116161407	0,6516129032258065	0,7761666666666667	5611,160014390945
69	1	REF_LR	20	0,7958199356913184	0,8805694414257771	0,6560509554140127	0,7612085769980506	5654,360328197479
69	2	REF_LR	20	0,8102893890675241	0,8992558553523561	0,6114649681528662	0,7119883040935673	5579,276208400726
69	3	REF_LR	20	0,7948717948717948	0,8650816502817653	0,7806451612903226	0,8346666666666667	5591,510138273239
69	4	REF_LR	20	0,7676282051282052	0,8907850355806013	0,7935483870967742	0,8695	5633,394080877304
69	5	REF_LR	20	0,780448717948718	0,9086216116161407	0,6516129032258065	0,7761666666666667	5711,646024227142
19	1	REF_LR	50	0,7845659163987139	0,863642479378189	0,6560509554140127	0,7634827810266407	5559,907643318176
19	2	REF_LR	50	0,8344051446945338	0,9218699868558593	0,6369426751592356	0,7347303443794672	5487,001538038254
19	3	REF_LR	50	0,8269230769230769	0,8979628563201844	0,8	0,8796666666666666	5508,667543888092
19	4	REF_LR	50	0,8333333333333334	0,9104366336226399	0,8	0,8856666666666667	5546,965772390366
19	5	REF_LR	50	0,844551282051282	0,9168689070791	0,8	0,8265000000000001	5606,882973194122
42	1	REF_LR	50	0,7845659163987139	0,863642479378189	0,6560509554140127	0,7634827810266407	5643,378935813904
42	2	REF_LR	50	0,8344051446945338	0,9218699868558593	0,6369426751592356	0,7347303443794672	5570,884817361832
42	3	REF_LR	50	0,8269230769230769	0,8979628563201844	0,8	0,8796666666666666	5593,306032896042
42	4	REF_LR	50	0,8333333333333334	0,9104366336226399	0,8	0,8856666666666667	5629,063068389893
42	5	REF_LR	50	0,844551282051282	0,9168689070791	0,8	0,8265000000000001	5716,933662891388
69	1	REF_LR	50	0,7845659163987139	0,863642479378189	0,6560509554140127	0,7634827810266407	5645,5987231731415
69	2	REF_LR	50	0,8344051446945338	0,9218699868558593	0,6369426751592356	0,7347303443794672	5572,871739864349
69	3	REF_LR	50	0,8269230769230769	0,8979628563201844	0,8	0,8796666666666666	5594,221871376038
69	4	REF_LR	50	0,8333333333333334	0,9104366336226399	0,8	0,8856666666666667	5626,680556535721
69	5	REF_LR	50	0,844551282051282	0,9168689070791	0,8	0,8265000000000001	5717,284173250198
19	1	REF_LR	5	0,6366559485530546	0,724526759193136	0,4713375796178344	0,6182586094866797	4709,662370443344
19	2	REF_LR	5	0,7282958199356914	0,8003022117345089	0,6560509554140127	0,7335932423651722	4644,181852340698
19	3	REF_LR	5	0,7435897435897436	0,8499341861708691	0,6580645161290323	0,7601666666666667	4640,211678504944
19	4	REF_LR	5	0,7355769230769231	0,8505768993459749	0,8258064516129032	0,9093333333333334	4682,49721455574
19	5	REF_LR	5	0,7019230769230769	0,8449055982888405	0,6193548387096774	0,7300000000000001	4744,80975818634
42	1	REF_LR	5	0,6366559485530546	0,724526759193136	0,4713375796178344	0,6182586094866797	4709,484080314636
42	2	REF_LR	5	0,7282958199356914	0,8003022117345089	0,6560509554140127	0,7335932423651722	4641,357788324356
42	3	REF_LR	5	0,7435897435897436	0,8499341861708691	0,6580645161290323	0,7601666666666667	4640,882884025574
42	4	REF_LR	5	0,7355769230769231	0,8505768993459749	0,8258064516129032	0,9093333333333334	4684,929210186005
42	5	REF_LR	5	0,7019230769230769	0,8449055982888405	0,6193548387096774	0,7300000000000001	4745,279074430466
69	1	REF_LR	5	0,6366559485530546	0,724526759193136	0,4713375796178344	0,6182586094866797	4714,693944454193
69	2	REF_LR	5	0,7282958199356914	0,8003022117345089	0,6560509554140127	0,7335932423651722	4642,077901124954
69	3	REF_LR	5	0,7435897435897436	0,8499341861708691	0,6580645161290323	0,7601666666666667	4642,139659643173
69	4	REF_LR	5	0,7355769230769231	0,8505768993459749	0,8258064516129032	0,9093333333333334	4686,696181535721
69	5	REF_LR	5	0,7019230769230769	0,8449055982888405	0,6193548387096774	0,7300000000000001	4742,2139592170715
19	1	REF_RF	100	0,8247588424437299	0,918915142670848	0,8089171974522293	0,8948992852501625	6936,562457561493
19	2	REF_RF	100	0,8536977491961415	0,9298082197451899	0,7006369426751592	0,8009259259259258	6892,621963024139
19	3	REF_RF	100	0,8509615384615384	0,9218357944963185	0,8387096774193549	0,8980833333333332	7014,007556676865
19	4	REF_RF	100	0,8381410256410257	0,9284377442310066	0,8129032258064516	0,877	7020,249950408936
19	5	REF_RF	100	0,8413461538461539	0,9346643494714327	0,8064516129032258	0,8665	6884,754559516907
42	1	REF_RF	100	0,8456591639871383	0,9176835263555542	0,8089171974522293	0,8840155945419104	6919,466908216476
42	2	REF_RF	100	0,8360128617363344	0,9247937818900652	0,7006369426751592	0,8302469135802468	6863,05214715004
42	3	REF_RF	100	0,842948717948718	0,9191466825716753	0,8	0,8993333333333333	7004,51310300827
42	4	REF_RF	100	0,8509615384615384	0,9342992883879726	0,8258064516129032	0,8972500000000001	7004,422518253326
42	5	REF_RF	100	0,8381410256410257	0,9320986384764098	0,7870967741935484	0,8627499999999999	6865,216471910477
69	1	REF_RF	100	0,8360128617363344	0,922749712795355	0,8152866242038217	0,8982293697205979	6935,693364620209
69	2	REF_RF	100	0,8456591639871383	0,9301445855455854	0,7133757961783439	0,8320337881741391	6871,88307261467
69	3	REF_RF	100	0,844551282051282	0,9226790341820575	0,7935483870967742	0,8923333333333333	7005,47500371933
69	4	REF_RF	100	0,8509615384615384	0,9342684381555675	0,8129032258064516	0,8968333333333334	6995,9855716228485
69	5	REF_RF	100	0,8365384615384616	0,9314096499526963	0,7935483870967742	0,8626666666666666	6878,238982200623
19	1	REF_RF	10	0,8022508038585209	0,8701214021796504	0,7515923566878981	0,849740090968161	6943,497839450836
19	2	REF_RF	10	0,815112540192926	0,8809989546785895	0,7197452229299363	0,8162768031189084	6899,638444662094
19	3	REF_RF	10	0,8012820512820513	0,8729536012504627	0,7870967741935484	0,8351666666666668	7029,122082710266
19	4	REF_RF	10	0,7708333333333334	0,8696886183209247	0,8193548387096774	0,9051666666666668	7006,321226596832
19	5	REF_RF	10	0,7868589743589743	0,8537184813458929	0,8	0,8148333333333333	6894,5954756736755
42	1	REF_RF	10	0,7990353697749196	0,869852309539334	0,7643312101910829	0,8497400909681612	6976,116759300232
42	2	REF_RF	10	0,815112540192926	0,8809989546785895	0,7197452229299363	0,8162768031189084	6916,690997600555
42	3	REF_RF	10	0,7948717948717948	0,8675188186417672	0,7870967741935484	0,8345000000000001	7053,995739936829
42	4	REF_RF	10	0,7788461538461539	0,8717401587758629	0,8258064516129032	0,9055	7059,430842876434
42	5	REF_RF	10	0,7996794871794872	0,8776788285138415	0,7677419354838709	0,8336666666666667	6936,291234970093
69	1	REF_RF	10	0,797427652733119	0,8723155421699216	0,7643312101910829	0,8671215074723847	6903,447485208511
69	2	REF_RF	10	0,8038585209003215	0,8728537274505541	0,6878980891719745	0,7959714100064976	6822,442661762238
69	3	REF_RF	10	0,7772435897435898	0,8538675908025173	0,7870967741935484	0,8226666666666667	6965,260633230209
69	4	REF_RF	10	0,7852564102564102	0,8785529184319856	0,7935483870967742	0,8906666666666667	6657,03449177742
69	5	REF_RF	10	0,8141025641025641	0,8778947801406771	0,7741935483870968	0,8256666666666668	6355,402809619904
19	1	REF_RF	200	0,837620578778135	0,9130520280270336	0,7770700636942676	0,8542884990253411	7378,819535970688
19	2	REF_RF	200	0,8488745980707395	0,928990592107306	0,7070063694267515	0,8339831059129305	7420,526984453201
19	3	REF_RF	200	0,844551282051282	0,9222471309283863	0,8193548387096774	0,895	7466,601185798645
19	4	REF_RF	200	0,844551282051282	0,9399962979721115	0,8258064516129032	0,8971666666666667	6946,442086696625
19	5	REF_RF	200	0,8573717948717948	0,940207107893546	0,8064516129032258	0,8503333333333333	6791,922742843628
19	1	REF_RF	200	0,8408360128617364	0,9170263193301663	0,7770700636942676	0,861111111111111	6352,422934770584
19	2	REF_RF	200	0,8536977491961415	0,9321576054894898	0,7006369426751592	0,8446231319038335	6272,85231757164
19	3	REF_RF	200	0,8397435897435898	0,9274505367940439	0,8	0,8936666666666667	6395,781669378281
19	4	REF_RF	200	0,8525641025641025	0,9418216033894122	0,8193548387096774	0,877	6401,540744066238
19	5	REF_RF	200	0,8413461538461539	0,9351219612521082	0,7806451612903226	0,854	6272,238940000534
42	1	REF_RF	200	0,8295819935691319	0,9155566595253619	0,7770700636942676	0,8785737491877842	7396,073208808899
42	2	REF_RF	200	0,8504823151125402	0,928333385081918	0,7006369426751592	0,8401559454191032	7433,975110530853
42	3	REF_RF	200	0,8349358974358975	0,9203858335732796	0,8193548387096774	0,9011666666666666	7478,111396551132
42	4	REF_RF	200	0,8605769230769231	0,9395129776644318	0,8129032258064516	0,8711666666666666	6972,608948469162
42	5	REF_RF	200	0,8365384615384616	0,9309571798774218	0,7870967741935484	0,8608333333333333	6819,120045423508
42	1	REF_RF	200	0,8344051446945338	0,911230477846431	0,7834394904458599	0,8731319038336581	6344,4270894527435
42	2	REF_RF	200	0,8569131832797428	0,9363958145744714	0,6942675159235668	0,834307992202729	6286,8902060985565
42	3	REF_RF	200	0,844551282051282	0,9223293982147999	0,8258064516129032	0,888	6413,683815479279
42	4	REF_RF	200	0,844551282051282	0,9341758874583522	0,8129032258064516	0,8925000000000001	6404,104633569717
42	5	REF_RF	200	0,8525641025641025	0,9335280325778453	0,7806451612903226	0,8545	6282,849742412567
69	1	REF_RF	200	0,8327974276527331	0,9242348971755623	0,802547770700637	0,8840155945419103	7383,077325105667
69	2	REF_RF	200	0,8504823151125402	0,9330476811459207	0,7197452229299363	0,8473034437946718	7419,223512649536
69	3	REF_RF	200	0,842948717948718	0,9220311793015509	0,8451612903225807	0,8855	7472,7561893463135
69	4	REF_RF	200	0,8461538461538461	0,9390605075891572	0,832258064516129	0,8850833333333333	6936,493957042694
69	5	REF_RF	200	0,8413461538461539	0,9347311916416436	0,7870967741935484	0,8571666666666666	6810,5083527565
69	1	REF_RF	200	0,8392282958199357	0,9161000196644621	0,802547770700637	0,8742690058479532	6326,08882522583
69	2	REF_RF	200	0,8408360128617364	0,9281626147524865	0,6942675159235668	0,8301656920077973	6278,546304941177
69	3	REF_RF	200	0,844551282051282	0,9253527209904981	0,8064516129032258	0,8908333333333334	6387,672852516174
69	4	REF_RF	200	0,8509615384615384	0,9355847147381843	0,832258064516129	0,8799166666666667	6390,391262292862
69	5	REF_RF	200	0,8477564102564102	0,9356669820245979	0,7806451612903226	0,8503333333333334	6285,108004808426
19	1	REF_RF	20	0,8070739549839229	0,8777957172871322	0,7707006369426752	0,8525828460038987	6944,373827219009
19	2	REF_RF	20	0,8295819935691319	0,8868672441808716	0,7070063694267515	0,7992202729044834	6905,299718141556
19	3	REF_RF	20	0,8141025641025641	0,87530336061865	0,8193548387096774	0,8541666666666666	7027,693999052048
19	4	REF_RF	20	0,8076923076923077	0,8915614330961295	0,8516129032258064	0,9316666666666665	7025,304239988327
19	5	REF_RF	20	0,8189102564102564	0,8953354448603512	0,7806451612903226	0,8358333333333333	6902,415189981461
42	1	REF_RF	20	0,8054662379421221	0,8797725132217633	0,7579617834394905	0,8747563352826512	7034,727136850357
42	2	REF_RF	20	0,8247588424437299	0,8896357934610488	0,7197452229299363	0,8091293047433398	6979,2521777153015
42	3	REF_RF	20	0,8221153846153846	0,8851445847558718	0,832258064516129	0,8691666666666666	7107,611139297485
42	4	REF_RF	20	0,7948717948717948	0,8782752663403397	0,8387096774193549	0,9159999999999999	7103,385272741318
42	5	REF_RF	20	0,8173076923076923	0,8929291267327546	0,7935483870967742	0,845	7016,065130472183
69	1	REF_RF	20	0,8086816720257235	0,8695935666159529	0,7898089171974523	0,8765432098765431	6953,523577451706
69	2	REF_RF	20	0,8247588424437299	0,9087258463481023	0,7197452229299363	0,8261858349577648	6894,645193099976
69	3	REF_RF	20	0,8333333333333334	0,8865328452141008	0,8193548387096774	0,8556666666666667	7020,732033491135
69	4	REF_RF	20	0,8076923076923077	0,8966825716753732	0,832258064516129	0,9075	7021,291780233383
69	5	REF_RF	20	0,8205128205128205	0,8929239850273538	0,7806451612903226	0,8373333333333334	6887,517065525055
19	1	REF_RF	50	0,8295819935691319	0,8981122116310118	0,7898089171974523	0,8838531513970109	6943,461873054504
19	2	REF_RF	50	0,8536977491961415	0,907106115647737	0,7006369426751592	0,816601689408707	6895,148477315903
19	3	REF_RF	50	0,8301282051282052	0,9064980872855909	0,7935483870967742	0,8905	7026,097157716751
19	4	REF_RF	50	0,8237179487179487	0,9225093579038295	0,8258064516129032	0,91675	7020,370966672897
19	5	REF_RF	50	0,8493589743589743	0,9231983464275432	0,8064516129032258	0,8485	6903,120212554932
42	1	REF_RF	50	0,8215434083601286	0,9029507042982374	0,821656050955414	0,8914067576348278	6951,537469387054
42	2	REF_RF	50	0,8311897106109325	0,9207108185591124	0,7388535031847133	0,8278102664067576	6884,762807369232
42	3	REF_RF	50	0,8333333333333334	0,9144265970136974	0,7870967741935484	0,9038333333333334	7018,5046327114105
42	4	REF_RF	50	0,8237179487179487	0,9182366007157254	0,8193548387096774	0,8905833333333333	7024,164648294449
42	5	REF_RF	50	0,8461538461538461	0,927378552918432	0,832258064516129	0,8571666666666666	6891,8506400585175
69	1	REF_RF	50	0,8135048231511254	0,8934962378778941	0,802547770700637	0,8885640025990902	6954,936842679977
69	2	REF_RF	50	0,8488745980707395	0,921073058651846	0,7388535031847133	0,8286224821312541	6894,248741865158
69	3	REF_RF	50	0,8397435897435898	0,9149253424375797	0,7741935483870968	0,8829999999999999	7041,584348917007
69	4	REF_RF	50	0,8141025641025641	0,9161182180905761	0,8451612903225807	0,9286666666666668	7029,1183404922485
69	5	REF_RF	50	0,8269230769230769	0,9219489120151373	0,8129032258064516	0,8516666666666667	6894,152945518494
19	1	REF_RF	5	0,7765273311897106	0,852832200039329	0,7388535031847133	0,8162768031189084	6746,365144491196
19	2	REF_RF	5	0,7909967845659164	0,8845954813135861	0,6560509554140127	0,79320987654321	6672,676100492477
19	3	REF_RF	5	0,7676282051282052	0,8534871046028547	0,8064516129032258	0,8565	6811,358721256256
19	4	REF_RF	5	0,7019230769230769	0,8268170786886595	0,7032258064516129	0,8518333333333333	6529,088191747665
19	5	REF_RF	5	0,7692307692307693	0,860927152317881	0,7419354838709677	0,8005000000000001	6343,754055738449
42	1	REF_RF	5	0,7781350482315113	0,8560716614400595	0,7643312101910829	0,8359324236517218	6938,600118160248
42	2	REF_RF	5	0,8022508038585209	0,8791411804887137	0,6687898089171974	0,7843567251461988	6889,262078762054
42	3	REF_RF	5	0,7307692307692307	0,8295730327835136	0,7290322580645161	0,7801666666666667	7025,948608636856
42	4	REF_RF	5	0,7516025641025641	0,8301077701452017	0,8064516129032258	0,901	7027,9434406757355
42	5	REF_RF	5	0,7756410256410257	0,8481654395129776	0,7483870967741936	0,8133333333333334	6894,088545084
69	1	REF_RF	5	0,770096463022508	0,86240051334596	0,7452229299363057	0,8295971410006496	6743,925452947617
69	2	REF_RF	5	0,7909967845659164	0,8845954813135861	0,6560509554140127	0,79320987654321	6669,9114327430725
69	3	REF_RF	5	0,7548076923076923	0,8441394841841141	0,7612903225806451	0,8091666666666667	6800,004386425018
69	4	REF_RF	5	0,7900641025641025	0,8656986549298671	0,8580645161290322	0,9246666666666666	6531,021629333496
69	5	REF_RF	5	0,780448717948718	0,8437744231006541	0,7483870967741936	0,8138333333333333	6348,333604335785
19	1	RF	60	0,8135048231511254	0,8834880616015153	0,7643312101910829	0,8550194931773879	2,0860486030578613
19	2	RF	60	0,8408360128617364	0,8949503731072956	0,7070063694267515	0,8019818063677713	2,0705673694610596
19	3	RF	60	0,8076923076923077	0,8891242647361277	0,8064516129032258	0,8696666666666667	2,117223024368286
19	4	RF	60	0,8012820512820513	0,9053206367487968	0,7806451612903226	0,8843333333333333	2,119391918182373
19	5	RF	60	0,8125	0,8893402163629632	0,8064516129032258	0,8714999999999999	2,113368511199951
42	1	RF	60	0,8295819935691319	0,894929673673425	0,7834394904458599	0,8445419103313839	2,2963430881500244
42	2	RF	60	0,8344051446945338	0,9090880864408358	0,7197452229299363	0,8276478232618584	2,261594295501709
42	3	RF	60	0,7948717948717948	0,8882347497017812	0,8064516129032258	0,8853333333333333	2,3252527713775635
42	4	RF	60	0,8012820512820513	0,8931656451811936	0,8064516129032258	0,9003333333333334	2,2438716888427734
42	5	RF	60	0,8125	0,9089249722347909	0,7870967741935484	0,8665833333333334	2,3236191272735596
69	1	RF	60	0,7893890675241158	0,8799743327020004	0,7707006369426752	0,8559941520467835	2,1572532653808594
69	2	RF	60	0,8295819935691319	0,8963734591858913	0,7133757961783439	0,7942657569850552	2,150135040283203
69	3	RF	60	0,8060897435897436	0,8868516309489531	0,7935483870967742	0,8343333333333333	2,1546921730041504
69	4	RF	60	0,8141025641025641	0,9002971905721691	0,864516129032258	0,9205	2,1674904823303223
69	5	RF	60	0,7980769230769231	0,9001994981695528	0,8064516129032258	0,833	2,14469051361084
19	1	RF	60	0,8086816720257235	0,8762536094637812	0,7770700636942676	0,8438921377517868	2,258694648742676
19	2	RF	60	0,842443729903537	0,9023038469897848	0,7261146496815286	0,8305717998700455	2,29054856300354
19	3	RF	60	0,8301282051282052	0,8980554070173996	0,8	0,8767499999999999	2,3170230388641357
19	4	RF	60	0,8173076923076923	0,8975772284151209	0,8193548387096774	0,9266666666666666	2,3300650119781494
19	5	RF	60	0,8333333333333334	0,9120819793509112	0,7806451612903226	0,8454999999999999	2,273329257965088
42	1	RF	60	0,8183279742765274	0,8857753490442035	0,7515923566878981	0,8435672514619883	2,279763698577881
42	2	RF	60	0,815112540192926	0,886453255503462	0,6369426751592356	0,7789961013645225	2,2620489597320557
42	3	RF	60	0,8285256410256411	0,8938392085887046	0,8	0,8738333333333334	2,354491949081421
42	4	RF	60	0,8125	0,9002406318127596	0,8129032258064516	0,9151666666666667	2,3237600326538086
42	5	RF	60	0,8108974358974359	0,911213031138168	0,8129032258064516	0,8726666666666666	2,281336784362793
69	1	RF	60	0,8183279742765274	0,8728382028751513	0,7898089171974523	0,8538011695906432	2,3188319206237793
69	2	RF	60	0,8504823151125402	0,9015741919458504	0,7388535031847133	0,8359324236517219	2,2639594078063965
69	3	RF	60	0,8044871794871795	0,8832113035251532	0,7935483870967742	0,8552500000000001	2,3425962924957275
69	4	RF	60	0,7916666666666666	0,8900960470568878	0,8129032258064516	0,9018333333333333	2,2764105796813965
69	5	RF	60	0,8269230769230769	0,9023950063757148	0,8129032258064516	0,86225	2,315347671508789
19	1	RF	60	0,8295819935691319	0,9009842580805414	0,7834394904458599	0,8530701754385964	2,196263313293457
19	2	RF	60	0,8311897106109325	0,9014810444934331	0,6942675159235668	0,7930474333983105	2,1188440322875977
19	3	RF	60	0,8237179487179487	0,8930628110731768	0,8451612903225807	0,8585	2,1082324981689453
19	4	RF	60	0,8092948717948718	0,9035724569125088	0,832258064516129	0,9036666666666666	2,190304756164551
19	5	RF	60	0,8028846153846154	0,8911809468964667	0,7870967741935484	0,86325	2,2012710571289062
42	1	RF	60	0,8070739549839229	0,8905827925606236	0,7770700636942676	0,8572124756335282	2,105621814727783
42	2	RF	60	0,837620578778135	0,8908467103424722	0,7133757961783439	0,790448343079922	2,1116437911987305
42	3	RF	60	0,8092948717948718	0,8888980296984903	0,8064516129032258	0,8796666666666667	2,11441969871521
42	4	RF	60	0,8108974358974359	0,9052280860515816	0,8193548387096774	0,922	2,161907911300659
42	5	RF	60	0,8189102564102564	0,9079429065032292	0,7935483870967742	0,8481666666666666	2,0715231895446777
69	1	RF	60	0,819935691318328	0,8984848014406807	0,7707006369426752	0,8542072774528915	2,1002414226531982
69	2	RF	60	0,8183279742765274	0,8948468759379431	0,7070063694267515	0,7773716699155295	2,005851984024048
69	3	RF	60	0,8157051282051282	0,9003228990991732	0,8193548387096774	0,8886666666666666	2,118499517440796
69	4	RF	60	0,8125	0,8977520463987494	0,8580645161290322	0,9253333333333333	2,129934072494507
69	5	RF	60	0,8253205128205128	0,9053617703920036	0,8193548387096774	0,8830833333333333	2,0938668251037598
19	1	RF	60	0,8118971061093248	0,8810817524140715	0,7643312101910829	0,8421052631578947	2,2832248210906982
19	2	RF	60	0,8327974276527331	0,8996284451620249	0,7006369426751592	0,7715237166991553	2,275846004486084
19	3	RF	60	0,8173076923076923	0,8893299329521615	0,8064516129032258	0,8768333333333334	2,2465577125549316
19	4	RF	60	0,8060897435897436	0,9048887334951257	0,8258064516129032	0,9078333333333333	2,329723834991455
19	5	RF	60	0,8028846153846154	0,9085084940973222	0,7483870967741936	0,8426666666666667	2,2865185737609863
42	1	RF	60	0,8086816720257235	0,8739300980118194	0,732484076433121	0,8208252111760883	2,2502968311309814
42	2	RF	60	0,8327974276527331	0,8912606990198819	0,6878980891719745	0,8074236517218973	2,227267265319824
42	3	RF	60	0,8237179487179487	0,8910883961992515	0,8193548387096774	0,8571666666666669	2,2839200496673584
42	4	RF	60	0,8125	0,9048733083789231	0,832258064516129	0,9033333333333334	2,306713581085205
42	5	RF	60	0,8012820512820513	0,8943173871909835	0,7935483870967742	0,8628333333333333	2,2608351707458496
69	1	RF	60	0,8118971061093248	0,8900963558646671	0,7579617834394905	0,8540448343079922	2,2834720611572266
69	2	RF	60	0,8038585209003215	0,8882282319578558	0,6878980891719745	0,7901234567901234	2,2524025440216064
69	3	RF	60	0,8141025641025641	0,8977314795771462	0,8064516129032258	0,8473333333333334	2,3089206218719482
69	4	RF	60	0,7980769230769231	0,9009553288634775	0,8258064516129032	0,90725	2,3201427459716797
69	5	RF	60	0,8349358974358975	0,8999784048373164	0,7935483870967742	0,8583333333333333	2,3018999099731445
19	1	RF	60	0,8231511254019293	0,8741577917843947	0,7707006369426752	0,8494964262508123	2,274845600128174
19	2	RF	60	0,8311897106109325	0,8947175044762526	0,7070063694267515	0,794996751137102	2,2641687393188477
19	3	RF	60	0,8028846153846154	0,8896949940356218	0,7806451612903226	0,8682499999999999	2,2945218086242676
19	4	RF	60	0,8092948717948718	0,9115266751676195	0,8064516129032258	0,8901666666666667	2,3468878269195557
19	5	RF	60	0,7916666666666666	0,8972687260910699	0,8129032258064516	0,8590833333333333	2,2570924758911133
42	1	RF	60	0,8263665594855305	0,8824686144833939	0,7834394904458599	0,8588369070825211	2,282172441482544
42	2	RF	60	0,8311897106109325	0,9082342347936784	0,7133757961783439	0,8166829109811566	2,291041612625122
42	3	RF	60	0,8060897435897436	0,8883067335773929	0,7935483870967742	0,8700833333333333	2,32361102104187
42	4	RF	60	0,8060897435897436	0,9041226193903995	0,8451612903225807	0,9031666666666667	2,369750738143921
42	5	RF	60	0,8092948717948718	0,9057422565916663	0,8064516129032258	0,8741666666666666	2,2841689586639404
69	1	RF	60	0,8102893890675241	0,8830274991978969	0,7770700636942676	0,8616796621182585	2,2904951572418213
69	2	RF	60	0,8408360128617364	0,8926734353815423	0,6942675159235668	0,7698992852501625	2,2534401416778564
69	3	RF	60	0,8157051282051282	0,892887993089548	0,7935483870967742	0,8866666666666667	2,295445680618286
69	4	RF	60	0,8028846153846154	0,8936129735510674	0,7935483870967742	0,8999999999999999	2,277219295501709
69	5	RF	60	0,8205128205128205	0,905680556126856	0,8064516129032258	0,8868333333333333	2,307478904724121
19	1	RF	60	0,8038585209003215	0,8915763653864066	0,7707006369426752	0,8456790123456789	2,2646093368530273
19	2	RF	60	0,8344051446945338	0,8905724428436882	0,6815286624203821	0,7787524366471734	2,2457566261291504
19	3	RF	60	0,7980769230769231	0,8849132080128337	0,8129032258064516	0,8768333333333334	2,3167381286621094
19	4	RF	60	0,782051282051282	0,8884661264448193	0,7741935483870968	0,8676666666666667	2,3044180870056152
19	5	RF	60	0,8108974358974359	0,8906205010077742	0,8	0,8671666666666666	2,2383124828338623
69	1	RF	60	0,8279742765273312	0,8905931422775587	0,7707006369426752	0,8330896686159843	2,270695686340332
69	2	RF	60	0,8408360128617364	0,8985313751668891	0,7006369426751592	0,7923976608187134	2,3031938076019287
69	3	RF	60	0,8269230769230769	0,8989243552301427	0,8129032258064516	0,8815	2,3472657203674316
69	4	RF	60	0,8076923076923077	0,9086318950269425	0,8193548387096774	0,9191666666666666	2,291774272918701
69	5	RF	60	0,8173076923076923	0,9022613220352927	0,8258064516129032	0,8616666666666667	2,294078826904297
19	1	SVM	100	0,8054662379421221	0,8804038459548131	0,7261146496815286	0,7694931773879141	18,894381046295166
19	2	SVM	100	0,8295819935691319	0,8972324856915163	0,6178343949044586	0,7384665367121508	17,95274829864502
19	3	SVM	100	0,8108974358974359	0,872238904199745	0,7612903225806451	0,8289166666666667	19,128557443618774
19	4	SVM	100	0,7948717948717948	0,8724342890049772	0,7225806451612903	0,8038333333333333	17,31722378730774
19	5	SVM	100	0,8141025641025641	0,8767430381308872	0,832258064516129	0,8478333333333333	16,491858959197998
42	1	SVM	100	0,8183279742765274	0,8822564452862215	0,7261146496815286	0,7789148797920726	18,789878606796265
42	2	SVM	100	0,8215434083601286	0,8951521925875326	0,6496815286624203	0,7524366471734893	17,480873823165894
42	3	SVM	100	0,8125	0,8750462753486077	0,7870967741935484	0,8551666666666666	19,140299320220947
42	4	SVM	100	0,7884615384615384	0,8681101147628647	0,7225806451612903	0,80275	17,254117012023926
42	5	SVM	100	0,8108974358974359	0,8763985438690306	0,8064516129032258	0,8368333333333333	16,274511098861694
69	1	SVM	100	0,8102893890675241	0,8824996636341996	0,7197452229299363	0,7846003898635477	18,920668840408325
69	2	SVM	100	0,8344051446945338	0,9059107233417165	0,6369426751592356	0,74545159194282	17,63939070701599
69	3	SVM	100	0,8060897435897436	0,8750205668216033	0,7677419354838709	0,8389166666666665	19,93173360824585
69	4	SVM	100	0,8092948717948718	0,8826457159310599	0,7548387096774194	0,8348333333333333	17,87807035446167
69	5	SVM	100	0,8221153846153846	0,8908724445724158	0,8064516129032258	0,8564166666666666	16,52850866317749
19	1	SVM	10	0,7684887459807074	0,8315894060297451	0,7070063694267515	0,8011695906432749	19,068337440490723
19	2	SVM	10	0,7009646302250804	0,7769946491963444	0,5605095541401274	0,5856075373619234	17,391397953033447
19	3	SVM	10	0,7403846153846154	0,8002138949446752	0,6709677419354839	0,7038333333333333	18,8756742477417
19	4	SVM	10	0,7099358974358975	0,7981263625519311	0,7161290322580646	0,8200000000000001	17,977933168411255
19	5	SVM	10	0,7083333333333334	0,7675743490600963	0,6387096774193548	0,6373333333333334	16,20047903060913
42	1	SVM	10	0,7202572347266881	0,816903157698637	0,6624203821656051	0,7301819363222872	17,552669286727905
42	2	SVM	10	0,6881028938906752	0,7522381262872462	0,554140127388535	0,6125730994152048	16,055039882659912
42	3	SVM	10	0,7628205128205128	0,808944510715314	0,6774193548387096	0,702	17,497364044189453
42	4	SVM	10	0,7259615384615384	0,7995249064209616	0,6774193548387096	0,7926666666666669	16,132691144943237
42	5	SVM	10	0,7275641025641025	0,8139216815433343	0,5806451612903226	0,6118333333333333	14,486805200576782
69	1	SVM	10	0,7684887459807074	0,8315894060297451	0,7070063694267515	0,8011695906432749	19,787171602249146
69	2	SVM	10	0,7041800643086816	0,786433591041285	0,5732484076433121	0,6604938271604938	17,56023144721985
69	3	SVM	10	0,7227564102564102	0,7822384928633128	0,6967741935483871	0,7576666666666667	18,95416259765625
69	4	SVM	10	0,7051282051282052	0,7875961498909959	0,6064516129032258	0,708	17,510125637054443
69	5	SVM	10	0,7067307692307693	0,7544321500555303	0,6129032258064516	0,606	16,248239755630493
19	1	SVM	182	0,792604501607717	0,8688121629873422	0,7197452229299363	0,7665692007797271	17,367321014404297
19	2	SVM	177	0,8327974276527331	0,9017294376998788	0,6496815286624203	0,7518680961663419	15,889560222625732
19	3	SVM	193	0,8108974358974359	0,8691178890214306	0,7419354838709677	0,8343333333333333	17,754268169403076
19	4	SVM	173	0,7980769230769231	0,8707272428118958	0,7290322580645161	0,836	15,61593747138977
19	5	SVM	162	0,8044871794871795	0,8600736292213402	0,8064516129032258	0,8136666666666665	14,487865447998047
42	1	SVM	184	0,7942122186495176	0,8761397625774935	0,7197452229299363	0,786793372319688	18,88110589981079
42	2	SVM	165	0,8295819935691319	0,8966580764016105	0,6369426751592356	0,7296946068875894	17,34819769859314
42	3	SVM	191	0,8012820512820513	0,8733649376825305	0,7290322580645161	0,8326666666666668	20,220360279083252
42	4	SVM	173	0,7980769230769231	0,8653952943112171	0,7354838709677419	0,81875	17,353748321533203
42	5	SVM	165	0,7996794871794872	0,8616418493685986	0,7935483870967742	0,8258333333333333	16,806155920028687
69	1	SVM	183	0,7990353697749196	0,8696970637853054	0,7070063694267515	0,7693307342430149	17,067164182662964
69	2	SVM	164	0,8392282958199357	0,9011136295422321	0,6496815286624203	0,7515432098765432	16,053433418273926
69	3	SVM	179	0,7948717948717948	0,8682695076302908	0,7096774193548387	0,80825	16,866769313812256
69	4	SVM	175	0,7996794871794872	0,8735911727201677	0,7677419354838709	0,839	16,264750719070435
69	5	SVM	158	0,780448717948718	0,8538675908025174	0,7548387096774194	0,7886666666666667	14,467737436294556
19	1	SVM	20	0,7122186495176849	0,8171412011881475	0,6624203821656051	0,740415854450942	19,00907564163208
19	2	SVM	20	0,7234726688102894	0,8296333095289844	0,6624203821656051	0,7371669915529565	17,160739421844482
19	3	SVM	20	0,7532051282051282	0,8238400312615688	0,7096774193548387	0,8145	18,8890643119812
19	4	SVM	20	0,782051282051282	0,8695138003372959	0,6645161290322581	0,7723333333333333	17,988372802734375
19	5	SVM	20	0,7596153846153846	0,8159577968820698	0,7161290322580646	0,7521666666666668	15,949550867080688
42	1	SVM	20	0,7202572347266881	0,8216226286211071	0,6751592356687898	0,7496751137102013	18,931912899017334
42	2	SVM	20	0,7282958199356914	0,8289295287773879	0,6496815286624203	0,7280701754385964	17,766685247421265
42	3	SVM	20	0,780448717948718	0,8450135741022582	0,7483870967741936	0,8310000000000001	19,353036642074585
42	4	SVM	20	0,7708333333333334	0,8550450413393115	0,7290322580645161	0,7916666666666666	17,110050916671753
42	5	SVM	20	0,7612179487179487	0,8205030644564191	0,7225806451612903	0,7526666666666667	16,228744506835938
69	1	SVM	20	0,7041800643086816	0,8078161062294946	0,6560509554140127	0,7409031838856399	19,255995512008667
69	2	SVM	20	0,7122186495176849	0,8285465892507838	0,6878980891719745	0,7709551656920077	17,05636692047119
69	3	SVM	20	0,7564102564102564	0,8244776027312739	0,7483870967741936	0,8338333333333333	19,47328805923462
69	4	SVM	20	0,7644230769230769	0,857687877915347	0,6580645161290323	0,7693333333333333	17,92645287513733
69	5	SVM	20	0,7451923076923077	0,7958948624079635	0,6064516129032258	0,7029999999999998	15,936891078948975
19	1	SVM	50	0,7684887459807074	0,8586849649662082	0,7006369426751592	0,7335932423651721	19,046289682388306
19	2	SVM	50	0,8102893890675241	0,8850249945663987	0,6242038216560509	0,7665692007797271	17,195476531982422
19	3	SVM	50	0,8125	0,8640276006745917	0,7870967741935484	0,8411666666666666	18,74597454071045
19	4	SVM	50	0,7948717948717948	0,8703107646744273	0,6967741935483871	0,7484166666666667	17,504074096679688
19	5	SVM	50	0,7708333333333334	0,863981325325984	0,8258064516129032	0,8644166666666666	16,306373834609985
42	1	SVM	50	0,7717041800643086	0,8601132259032715	0,7006369426751592	0,7467511371020142	19,429545640945435
42	2	SVM	50	0,8408360128617364	0,9104697736516906	0,6560509554140127	0,7940220922677063	17,089177131652832
42	3	SVM	50	0,8060897435897436	0,8644029451688535	0,7483870967741936	0,8035	18,96826410293579
42	4	SVM	50	0,8108974358974359	0,8777456706840525	0,7161290322580646	0,7766666666666667	17,701770067214966
42	5	SVM	50	0,8092948717948718	0,885406811731315	0,8193548387096774	0,8678333333333333	15,855599403381348
69	1	SVM	50	0,7861736334405145	0,8736092567868269	0,7197452229299363	0,7772904483430799	19,155406713485718
69	2	SVM	50	0,7877813504823151	0,8790118090270232	0,6178343949044586	0,7262833008447043	17,257916927337646
69	3	SVM	50	0,780448717948718	0,8513841470939081	0,8064516129032258	0,8524999999999999	19,302363634109497
69	4	SVM	50	0,8012820512820513	0,8687733947595737	0,6903225806451613	0,7524166666666666	18,063223838806152
69	5	SVM	50	0,8044871794871795	0,8761568837151905	0,8129032258064516	0,87225	15,889773607254028
19	1	SVM	5	0,7106109324758842	0,7830958073296694	0,6050955414012739	0,74772579597141	17,39461088180542
19	2	SVM	5	0,5852090032154341	0,6171122219807288	0,6624203821656051	0,6903833658219624	16,053562879562378
19	3	SVM	5	0,6842948717948718	0,740467278186829	0,7354838709677419	0,8320000000000001	17,563523292541504
19	4	SVM	5	0,625	0,7234996503640327	0,7032258064516129	0,8005	15,807020902633667
19	5	SVM	5	0,6746794871794872	0,7738883632923369	0,5483870967741935	0,5770000000000001	14,503940343856812
42	1	SVM	5	0,7170418006430869	0,8188126804731889	0,6624203821656051	0,7896361273554257	18,52334237098694
42	2	SVM	5	0,6704180064308681	0,7264983802692995	0,6178343949044586	0,6271929824561403	17,17891526222229
42	3	SVM	5	0,6842948717948718	0,740467278186829	0,7354838709677419	0,8320000000000001	18,624444007873535
42	4	SVM	5	0,6362179487179487	0,7093908107441076	0,7419354838709677	0,823	17,015953302383423
42	5	SVM	5	0,6137820512820513	0,6678458311052611	0,4838709677419355	0,48983333333333334	15,580955505371094
69	1	SVM	5	0,6688102893890675	0,7505407727098663	0,5987261146496815	0,6624431448992852	17,70686936378479
69	2	SVM	5	0,6736334405144695	0,7260533424410842	0,6114649681528662	0,6401884340480831	16,096561431884766
69	3	SVM	5	0,6730769230769231	0,7586174982518201	0,6580645161290323	0,7861666666666666	18,11130118370056
69	4	SVM	5	0,6266025641025641	0,7132470897947432	0,6903225806451613	0,7725	15,880080461502075
69	5	SVM	5	0,6778846153846154	0,7646230101600099	0,5483870967741935	0,5523333333333333	14,57105803489685
19	1	ALL	4635	0,8086816720257235	0,8746494033388188	0,7197452229299363	0,7871994801819362	
0,39289402961730957
19	2	ALL	4635	0,8118971061093248	0,8910433549642418	0,6242038216560509	0,7716861598440546	
0,3610227108001709
19	3	ALL	4635	0,8205128205128205	0,8607471926288511	0,8	0,8285	0,34795284271240234
19	4	ALL	4635	0,8012820512820513	0,84508555797787	0,7677419354838709	0,7975833333333333	
0,339418888092041
19	5	ALL	4635	0,8189102564102564	0,8637653736991485	0,7677419354838709	0,8055	0,31119537353515
625
42	1	ALL	4635	0,8086816720257235	0,8746494033388188	0,7197452229299363	0,7871994801819362	
0,2374267578125
42	2	ALL	4635	0,8118971061093248	0,8910433549642418	0,6242038216560509	0,7716861598440546	
0,21279549598693848
42	3	ALL	4635	0,8205128205128205	0,8607471926288511	0,8	0,8285	0,2120521068572998
42	4	ALL	4635	0,8012820512820513	0,84508555797787	0,7677419354838709	0,7975833333333333	
0,21167325973510742
42	5	ALL	4635	0,8189102564102564	0,8637653736991485	0,7677419354838709	0,8055	0,21205902099609
375
69	1	ALL	4635	0,8086816720257235	0,8746494033388188	0,7197452229299363	0,7871994801819362	
0,30158114433288574
69	2	ALL	4635	0,8118971061093248	0,8910433549642418	0,6242038216560509	0,7716861598440546	
0,2952103614807129
69	3	ALL	4635	0,8205128205128205	0,8607471926288511	0,8	0,8285	0,2918400764465332
69	4	ALL	4635	0,8012820512820513	0,84508555797787	0,7677419354838709	0,7975833333333333	
0,29395294189453125
69	5	ALL	4635	0,8189102564102564	0,8637653736991485	0,7677419354838709	0,8055	0,28798866271972
656
