19	1	Chi2	100	1,0	1,0	0,7898089171974523	0,9019655620532814	0,5657358169555664
19	2	Chi2	100	1,0	1,0	0,7770700636942676	0,855669265756985	0,565223217010498
19	3	Chi2	100	1,0	1,0	0,8516129032258064	0,93225	0,6081290245056152
19	4	Chi2	100	1,0	0,9999999999999999	0,8258064516129032	0,9248333333333333	0,6085898876190186
19	5	Chi2	100	1,0	1,0	0,8	0,9125833333333333	0,561577558517456
42	1	Chi2	100	1,0	1,0	0,8343949044585988	0,9112248213125406	0,5679254531860352
42	2	Chi2	100	1,0	1,0	0,7707006369426752	0,8494964262508121	0,5916810035705566
42	3	Chi2	100	1,0	1,0	0,8516129032258064	0,9344166666666667	0,6122584342956543
42	4	Chi2	100	1,0	1,0	0,832258064516129	0,9210833333333334	0,5165934562683105
42	5	Chi2	100	1,0	0,9999999999999999	0,8193548387096774	0,9037499999999999	0,6092855930328369
69	1	Chi2	100	1,0	1,0	0,821656050955414	0,8944119558154646	0,5698108673095703
69	2	Chi2	100	1,0	1,0	0,7770700636942676	0,8566439246263807	0,5344560146331787
69	3	Chi2	100	1,0	1,0	0,8387096774193549	0,9361666666666667	0,619788646697998
69	4	Chi2	100	1,0	1,0	0,8193548387096774	0,9202499999999999	0,6170825958251953
69	5	Chi2	100	1,0	1,0	0,8129032258064516	0,9076666666666666	0,5106601715087891
19	1	Chi2	10	1,0	1,0	0,7452229299363057	0,8253736192332684	0,3696863651275635
19	2	Chi2	10	1,0	1,0	0,7133757961783439	0,799788823911631	0,33705997467041016
19	3	Chi2	10	1,0	1,0	0,7806451612903226	0,847	0,31266045570373535
19	4	Chi2	10	1,0	1,0	0,7161290322580646	0,8061666666666666	0,30951881408691406
19	5	Chi2	10	1,0	1,0	0,7096774193548387	0,80575	0,40571117401123047
42	1	Chi2	10	1,0	0,9999999999999999	0,7452229299363057	0,8312215724496426	0,36550378799438477
42	2	Chi2	10	1,0	1,0	0,7197452229299363	0,7880116959064327	0,38284921646118164
42	3	Chi2	10	1,0	1,0	0,7935483870967742	0,8530833333333333	0,3567988872528076
42	4	Chi2	10	1,0	1,0	0,7161290322580646	0,8131666666666667	0,30330610275268555
42	5	Chi2	10	1,0	1,0	0,7032258064516129	0,7983333333333333	0,30237317085266113
69	1	Chi2	10	1,0	1,0	0,7579617834394905	0,831140350877193	0,36405062675476074
69	2	Chi2	10	1,0	1,0	0,732484076433121	0,7965399610136451	0,3251221179962158
69	3	Chi2	10	1,0	1,0	0,7935483870967742	0,8525833333333334	0,3139781951904297
69	4	Chi2	10	1,0	1,0	0,7290322580645161	0,81175	0,3261239528656006
69	5	Chi2	10	1,0	1,0	0,7032258064516129	0,8040000000000002	0,3271968364715576
19	1	Chi2	200	1,0	1,0	0,7643312101910829	0,895873944119558	0,6908347606658936
19	2	Chi2	200	1,0	1,0	0,7898089171974523	0,8696393762183237	0,7099423408508301
19	3	Chi2	200	1,0	1,0	0,864516129032258	0,94125	0,6912782192230225
19	4	Chi2	200	1,0	1,0	0,8387096774193549	0,9285	0,6634929180145264
19	5	Chi2	200	1,0	1,0	0,832258064516129	0,9106666666666666	0,6616568565368652
42	1	Chi2	200	1,0	1,0	0,7770700636942676	0,8992040285899936	0,6905391216278076
42	2	Chi2	200	1,0	1,0	0,7898089171974523	0,8543697205977908	0,696223258972168
42	3	Chi2	200	1,0	1,0	0,8838709677419355	0,9413333333333334	0,6589071750640869
42	4	Chi2	200	1,0	1,0	0,8516129032258064	0,9321666666666666	0,7325077056884766
42	5	Chi2	200	1,0	1,0	0,8193548387096774	0,9073333333333333	0,6784710884094238
69	1	Chi2	200	1,0	0,9999999999999999	0,8089171974522293	0,9033463287849253	0,6599459648132324
69	2	Chi2	200	1,0	1,0	0,7834394904458599	0,8507147498375569	0,6799600124359131
69	3	Chi2	200	1,0	1,0	0,8451612903225807	0,9323333333333333	0,6833322048187256
69	4	Chi2	200	1,0	0,9999999999999999	0,8129032258064516	0,9200833333333334	0,6966936588287354
69	5	Chi2	200	1,0	1,0	0,8580645161290322	0,9125833333333333	0,732398509979248
19	1	Chi2	20	1,0	1,0	0,7643312101910829	0,8594054580896686	0,3838198184967041
19	2	Chi2	20	1,0	1,0	0,7579617834394905	0,8149772579597141	0,45056748390197754
19	3	Chi2	20	1,0	1,0	0,8193548387096774	0,8715	0,435166597366333
19	4	Chi2	20	1,0	0,9999999999999999	0,7935483870967742	0,8643333333333334	0,33404016494750977
19	5	Chi2	20	1,0	1,0	0,7741935483870968	0,8501666666666668	0,318157434463501
42	1	Chi2	20	1,0	1,0	0,7388535031847133	0,8548570500324886	0,3995788097381592
42	2	Chi2	20	1,0	1,0	0,7579617834394905	0,832521117608837	0,3851194381713867
42	3	Chi2	20	1,0	1,0	0,8	0,8805000000000001	0,38084840774536133
42	4	Chi2	20	1,0	1,0	0,8	0,8768333333333334	0,436795711517334
42	5	Chi2	20	1,0	1,0	0,7612903225806451	0,8533333333333334	0,46124887466430664
69	1	Chi2	20	1,0	1,0	0,7452229299363057	0,8473034437946718	0,39228081703186035
69	2	Chi2	20	1,0	1,0	0,7707006369426752	0,8163580246913581	0,41924166679382324
69	3	Chi2	20	1,0	1,0	0,7870967741935484	0,873	0,41685962677001953
69	4	Chi2	20	1,0	1,0	0,8064516129032258	0,8702500000000001	0,41131067276000977
69	5	Chi2	20	1,0	1,0	0,7806451612903226	0,85725	0,40542101860046387
19	1	Chi2	50	1,0	0,9999999999999999	0,7898089171974523	0,8943307342430149	0,49291300773620605
19	2	Chi2	50	1,0	1,0	0,7452229299363057	0,8478719948018194	0,49619317054748535
19	3	Chi2	50	1,0	1,0	0,8451612903225807	0,9138333333333333	0,47176241874694824
19	4	Chi2	50	1,0	1,0	0,8580645161290322	0,9300000000000002	0,4578273296356201
19	5	Chi2	50	1,0	0,9999999999999999	0,8129032258064516	0,8926666666666666	0,4215996265411377
42	1	Chi2	50	1,0	1,0	0,7898089171974523	0,8953053931124106	0,47823548316955566
42	2	Chi2	50	1,0	1,0	0,7834394904458599	0,8428362573099415	0,5117194652557373
42	3	Chi2	50	1,0	1,0	0,8516129032258064	0,9231666666666666	0,42209315299987793
42	4	Chi2	50	0,9983974358974359	1,0	0,832258064516129	0,9230833333333334	0,5128839015960693
42	5	Chi2	50	1,0	1,0	0,8064516129032258	0,8894166666666666	0,5239686965942383
69	1	Chi2	50	1,0	0,9999999999999999	0,7898089171974523	0,8977420402859	0,46173882484436035
69	2	Chi2	50	1,0	1,0	0,7770700636942676	0,8520955165692008	0,5151422023773193
69	3	Chi2	50	1,0	1,0	0,832258064516129	0,926	0,5213651657104492
69	4	Chi2	50	1,0	1,0	0,8516129032258064	0,92925	0,5309662818908691
69	5	Chi2	50	1,0	1,0	0,8258064516129032	0,8968333333333333	0,5249617099761963
19	1	Chi2	5	1,0	1,0	0,7452229299363057	0,7986517218973358	0,3339498043060303
19	2	Chi2	5	1,0	0,9999999999999999	0,7133757961783439	0,7743664717348928	0,3723888397216797
19	3	Chi2	5	1,0	0,9999999999999999	0,7741935483870968	0,8506666666666668	0,34585142135620117
19	4	Chi2	5	1,0	1,0	0,7548387096774194	0,8308333333333333	0,2845456600189209
19	5	Chi2	5	1,0	1,0	0,6580645161290323	0,7441666666666668	0,2979087829589844
42	1	Chi2	5	1,0	1,0	0,7388535031847133	0,7876055880441843	0,3305671215057373
42	2	Chi2	5	0,9983922829581994	1,0	0,7197452229299363	0,7764782326185834	0,31114697456359863
42	3	Chi2	5	1,0	1,0	0,7806451612903226	0,8488333333333333	0,3697178363800049
42	4	Chi2	5	1,0	1,0	0,7741935483870968	0,8306666666666667	0,2925717830657959
42	5	Chi2	5	1,0	1,0	0,6967741935483871	0,7613333333333333	0,38217806816101074
69	1	Chi2	5	1,0	1,0	0,7388535031847133	0,7878492527615335	0,32625436782836914
69	2	Chi2	5	1,0	1,0	0,7133757961783439	0,7869558154645874	0,34908294677734375
69	3	Chi2	5	1,0	1,0	0,7935483870967742	0,8598333333333333	0,35156846046447754
69	4	Chi2	5	1,0	1,0	0,7806451612903226	0,8308333333333334	0,3178741931915283
69	5	Chi2	5	0,9983974358974359	1,0	0,6774193548387096	0,7482500000000001	0,39228320121765137
19	1	CORR	99	1,0	1,0	0,6942675159235668	0,775259909031839	39,752039432525635
19	2	CORR	99	1,0	1,0	0,6878980891719745	0,7791585445094217	39,7748236656189
19	3	CORR	99	1,0	1,0	0,8129032258064516	0,9019166666666666	39,90349769592285
19	4	CORR	99	1,0	1,0	0,8064516129032258	0,8674166666666667	39,876704454422
19	5	CORR	99	1,0	1,0	0,7935483870967742	0,8702500000000001	39,92302465438843
42	1	CORR	99	1,0	1,0	0,6624203821656051	0,7771280051981806	39,80258560180664
42	2	CORR	99	1,0	1,0	0,7006369426751592	0,7922352176738141	39,74715805053711
42	3	CORR	99	1,0	1,0	0,832258064516129	0,9201666666666667	39,896899700164795
42	4	CORR	99	1,0	1,0	0,7548387096774194	0,8453333333333334	39,891316413879395
42	5	CORR	99	1,0	1,0	0,7741935483870968	0,8655833333333333	39,86302614212036
69	1	CORR	99	1,0	1,0	0,7006369426751592	0,7819200779727096	39,82292032241821
69	2	CORR	99	1,0	1,0	0,7197452229299363	0,7923976608187135	39,85606598854065
69	3	CORR	99	1,0	1,0	0,8129032258064516	0,8985	39,99209547042847
69	4	CORR	99	1,0	1,0	0,7548387096774194	0,8511666666666667	39,9833083152771
69	5	CORR	99	1,0	1,0	0,7741935483870968	0,8726666666666666	39,962377309799194
19	1	CORR	9	1,0	1,0	0,6878980891719745	0,7065464587394412	36,728673696517944
19	2	CORR	9	1,0	1,0	0,6815286624203821	0,7061403508771928	36,73200273513794
19	3	CORR	9	1,0	1,0	0,6451612903225806	0,714	36,86215305328369
19	4	CORR	9	1,0	1,0	0,6709677419354839	0,6784166666666667	36,85958003997803
19	5	CORR	9	1,0	1,0	0,6903225806451613	0,7078333333333333	36,815247774124146
42	1	CORR	9	1,0	1,0	0,6815286624203821	0,6855100714749838	39,46753454208374
42	2	CORR	9	1,0	1,0	0,6815286624203821	0,7068713450292397	39,63528037071228
42	3	CORR	9	1,0	1,0	0,6129032258064516	0,6919166666666666	39,789737701416016
42	4	CORR	9	1,0	1,0	0,6129032258064516	0,6634166666666667	39,756345987319946
42	5	CORR	9	1,0	1,0	0,6903225806451613	0,7011666666666667	39,71927332878113
69	1	CORR	9	1,0	1,0	0,6687898089171974	0,6801494476933073	39,58380651473999
69	2	CORR	9	1,0	1,0	0,7197452229299363	0,7240090968161144	39,573445558547974
69	3	CORR	9	1,0	1,0	0,6645161290322581	0,7238333333333333	39,71571087837219
69	4	CORR	9	1,0	1,0	0,6580645161290323	0,6624166666666667	39,69447875022888
69	5	CORR	9	1,0	1,0	0,6774193548387096	0,7072499999999999	39,69757556915283
19	1	CORR	199	1,0	1,0	0,6942675159235668	0,7975958414554905	39,864423513412476
19	2	CORR	199	1,0	1,0	0,7261146496815286	0,8096978557504872	39,84392428398132
19	3	CORR	199	1,0	0,9999999999999999	0,8258064516129032	0,9185	40,00024604797363
19	4	CORR	199	1,0	1,0	0,7935483870967742	0,8784166666666667	39,98344326019287
19	5	CORR	199	1,0	1,0	0,7806451612903226	0,88	39,96380162239075
42	1	CORR	199	1,0	1,0	0,7452229299363057	0,8287037037037037	36,98263192176819
42	2	CORR	199	1,0	0,9999999999999999	0,7197452229299363	0,8059616634178038	37,025370359420776
42	3	CORR	199	1,0	1,0	0,8193548387096774	0,9147500000000001	37,15867638587952
42	4	CORR	199	1,0	1,0	0,8	0,88425	37,11975073814392
42	5	CORR	199	1,0	1,0	0,8129032258064516	0,8974166666666666	37,1540253162384
69	1	CORR	199	1,0	1,0	0,7261146496815286	0,8221247563352826	37,046913385391235
69	2	CORR	199	1,0	1,0	0,6878980891719745	0,7927225471085121	36,99350357055664
69	3	CORR	199	1,0	1,0	0,8193548387096774	0,9119166666666667	37,133477210998535
69	4	CORR	199	1,0	1,0	0,7806451612903226	0,8790833333333333	37,09503412246704
69	5	CORR	199	1,0	1,0	0,7548387096774194	0,8540833333333334	37,11294388771057
19	1	CORR	19	1,0	1,0	0,6560509554140127	0,6609811565951916	39,35317134857178
19	2	CORR	19	1,0	1,0	0,7006369426751592	0,7322936972059779	39,33287453651428
19	3	CORR	19	1,0	1,0	0,7032258064516129	0,8060833333333334	39,51444339752197
19	4	CORR	19	1,0	1,0	0,6967741935483871	0,7198333333333333	39,39410209655762
19	5	CORR	19	1,0	1,0	0,6709677419354839	0,71925	39,476006507873535
42	1	CORR	19	1,0	1,0	0,6687898089171974	0,6630116959064326	36,60137128829956
42	2	CORR	19	1,0	1,0	0,6878980891719745	0,7373294346978557	36,561320066452026
42	3	CORR	19	1,0	1,0	0,7548387096774194	0,8378333333333333	36,74739098548889
42	4	CORR	19	1,0	1,0	0,7096774193548387	0,7526666666666667	36,7622857093811
42	5	CORR	19	1,0	1,0	0,6838709677419355	0,7040833333333333	36,7883186340332
69	1	CORR	19	1,0	1,0	0,6114649681528662	0,6440058479532164	39,43787145614624
69	2	CORR	19	1,0	1,0	0,6560509554140127	0,7416341780376867	39,38019776344299
69	3	CORR	19	1,0	0,9999999999999999	0,7225806451612903	0,8165	39,57827138900757
69	4	CORR	19	1,0	1,0	0,6903225806451613	0,7418333333333333	39,592227935791016
69	5	CORR	19	1,0	1,0	0,6903225806451613	0,7147500000000001	39,39745616912842
19	1	CORR	49	1,0	1,0	0,6878980891719745	0,7412280701754386	36,82685923576355
19	2	CORR	49	1,0	1,0	0,6751592356687898	0,7579597141000649	36,836496353149414
19	3	CORR	49	1,0	1,0	0,7741935483870968	0,8875833333333335	36,96266317367554
19	4	CORR	49	1,0	1,0	0,7225806451612903	0,8067500000000001	36,93895483016968
19	5	CORR	49	1,0	1,0	0,6709677419354839	0,7774166666666666	36,95231604576111
42	1	CORR	49	1,0	1,0	0,6942675159235668	0,7623456790123457	39,72092366218567
42	2	CORR	49	1,0	1,0	0,6878980891719745	0,7854938271604938	39,730350732803345
42	3	CORR	49	1,0	1,0	0,7870967741935484	0,8926666666666667	39,851221323013306
42	4	CORR	49	1,0	1,0	0,7290322580645161	0,8035	39,843989610672
42	5	CORR	49	1,0	1,0	0,6967741935483871	0,7819166666666667	39,817463636398315
69	1	CORR	49	1,0	1,0	0,6878980891719745	0,7465074723846652	36,82428693771362
69	2	CORR	49	1,0	1,0	0,6815286624203821	0,7823261858349578	36,78411841392517
69	3	CORR	49	1,0	1,0	0,8	0,9070833333333334	36,94042348861694
69	4	CORR	49	1,0	1,0	0,6709677419354839	0,7874166666666667	36,932321071624756
69	5	CORR	49	1,0	1,0	0,6580645161290323	0,7901666666666667	36,94524049758911
19	1	CORR	4	0,9967845659163987	0,9996274101903313	0,643312101910828	0,6373456790123457	39,478293895721436
19	2	CORR	4	0,9967845659163987	0,9998758033967771	0,6305732484076433	0,6213450292397661	39,5391321182251
19	3	CORR	4	0,9967948717948718	0,9998046151947677	0,5935483870967742	0,6356666666666666	39,658913135528564
19	4	CORR	4	1,0	1,0	0,5806451612903226	0,5464166666666666	39,66933298110962
19	5	CORR	4	0,9983974358974359	0,9999485829459915	0,5548387096774193	0,6074166666666667	39,67344832420349
42	1	CORR	4	0,9967845659163987	0,9996067107564608	0,6050955414012739	0,61135477582846	36,2312216758728
42	2	CORR	4	0,9967845659163987	0,9995239130209789	0,6305732484076433	0,6319850552306692	36,41809868812561
42	3	CORR	4	0,9967948717948718	0,9999074493027846	0,6129032258064516	0,62875	36,78674626350403
42	4	CORR	4	1,0	1,0	0,5935483870967742	0,5581666666666666	36,7557327747345
42	5	CORR	4	0,9983974358974359	0,9999280161243882	0,5870967741935483	0,5948333333333333	36,7890522480011
69	1	CORR	4	0,9967845659163987	0,9995653118887198	0,6178343949044586	0,623131903833658	36,2735230922699
69	2	CORR	4	0,9967845659163987	0,9999172022645182	0,6114649681528662	0,6211013645224172	36,49830389022827
69	3	CORR	4	0,9967948717948718	0,9999691497675949	0,6258064516129033	0,6359166666666667	36,816237688064575
69	4	CORR	4	1,0	1,0	0,5612903225806452	0,5476666666666666	36,78696322441101
69	5	CORR	4	0,9983974358974359	0,9999794331783965	0,5419354838709678	0,5934166666666667	36,839494943618774
19	1	ETC	100	1,0	1,0	0,7961783439490446	0,881578947368421	1,0054783821105957
19	2	ETC	100	1,0	1,0	0,7707006369426752	0,8338206627680312	1,02646803855896
19	3	ETC	100	1,0	1,0	0,8580645161290322	0,9196666666666667	1,0346717834472656
19	4	ETC	100	1,0	1,0	0,8516129032258064	0,9243333333333333	1,0328328609466553
19	5	ETC	100	1,0	1,0	0,8064516129032258	0,8891666666666667	1,0084335803985596
42	1	ETC	100	1,0	1,0	0,7834394904458599	0,8907569850552306	1,0043282508850098
42	2	ETC	100	1,0	1,0	0,7643312101910829	0,8367446393762182	1,0117504596710205
42	3	ETC	100	1,0	0,9999999999999999	0,8451612903225807	0,9263333333333333	1,0483791828155518
42	4	ETC	100	1,0	1,0	0,8258064516129032	0,9279166666666666	1,044074535369873
42	5	ETC	100	1,0	1,0	0,7870967741935484	0,8803333333333334	1,0268878936767578
69	1	ETC	100	1,0	0,9999999999999999	0,7515923566878981	0,8915692007797271	1,008758544921875
69	2	ETC	100	1,0	1,0	0,7643312101910829	0,8528265107212475	1,0034558773040771
69	3	ETC	100	1,0	1,0	0,8774193548387097	0,948	1,0199041366577148
69	4	ETC	100	1,0	1,0	0,8258064516129032	0,9360833333333334	1,0154531002044678
69	5	ETC	100	1,0	1,0	0,7870967741935484	0,8880833333333333	1,0122950077056885
19	1	ETC	10	1,0	1,0	0,7452229299363057	0,835201429499675	0,8484790325164795
19	2	ETC	10	1,0	1,0	0,7643312101910829	0,844298245614035	0,8333959579467773
19	3	ETC	10	1,0	1,0	0,8387096774193549	0,9117500000000002	0,862633466720581
19	4	ETC	10	1,0	1,0	0,8516129032258064	0,8983333333333333	0,8609552383422852
19	5	ETC	10	1,0	1,0	0,8	0,8803333333333333	0,850515604019165
42	1	ETC	10	1,0	1,0	0,7643312101910829	0,8719948018193632	0,8481578826904297
42	2	ETC	10	1,0	1,0	0,7515923566878981	0,8346328784925277	0,8351938724517822
42	3	ETC	10	1,0	1,0	0,8	0,8744999999999999	0,8607122898101807
42	4	ETC	10	1,0	1,0	0,8451612903225807	0,9036666666666666	0,8557820320129395
42	5	ETC	10	1,0	1,0	0,7935483870967742	0,8708333333333333	0,8518702983856201
69	1	ETC	10	1,0	0,9999999999999999	0,802547770700637	0,87954840805718	0,8366689682006836
69	2	ETC	10	1,0	1,0	0,7261146496815286	0,856319038336582	0,830413818359375
69	3	ETC	10	1,0	1,0	0,7677419354838709	0,87725	0,8708481788635254
69	4	ETC	10	1,0	1,0	0,8451612903225807	0,9144999999999999	0,8459305763244629
69	5	ETC	10	1,0	1,0	0,7483870967741936	0,8631666666666665	0,8453183174133301
19	1	ETC	200	1,0	1,0	0,7707006369426752	0,8845029239766082	1,1325373649597168
19	2	ETC	200	1,0	1,0	0,7707006369426752	0,8503898635477583	1,127352237701416
19	3	ETC	200	1,0	1,0	0,8774193548387097	0,9345833333333333	1,1438536643981934
19	4	ETC	200	1,0	1,0	0,8580645161290322	0,9413333333333334	1,1387388706207275
19	5	ETC	200	1,0	1,0	0,7935483870967742	0,8858333333333334	1,1382791996002197
42	1	ETC	200	1,0	1,0	0,8089171974522293	0,8871020142949968	1,1245527267456055
42	2	ETC	200	1,0	1,0	0,7770700636942676	0,8511208576998052	1,1103754043579102
42	3	ETC	200	1,0	1,0	0,8774193548387097	0,9381666666666666	1,1401984691619873
42	4	ETC	200	1,0	1,0	0,8451612903225807	0,9396666666666668	1,1438751220703125
42	5	ETC	200	1,0	1,0	0,8064516129032258	0,89325	1,1126024723052979
69	1	ETC	200	1,0	1,0	0,7388535031847133	0,8769493177387915	1,1170833110809326
69	2	ETC	200	1,0	1,0	0,7643312101910829	0,8651721897335932	1,1126525402069092
69	3	ETC	200	1,0	1,0	0,8451612903225807	0,9237500000000001	1,1587886810302734
69	4	ETC	200	1,0	1,0	0,864516129032258	0,9349166666666667	1,1506693363189697
69	5	ETC	200	1,0	1,0	0,8129032258064516	0,898	1,1392042636871338
19	1	ETC	20	1,0	1,0	0,7770700636942676	0,8593242365172189	0,8677937984466553
19	2	ETC	20	1,0	1,0	0,7770700636942676	0,8321962313190381	0,8610525131225586
19	3	ETC	20	1,0	1,0	0,832258064516129	0,8998333333333333	0,8877565860748291
19	4	ETC	20	0,9983974358974359	1,0	0,8387096774193549	0,918	0,8780641555786133
19	5	ETC	20	1,0	1,0	0,7870967741935484	0,8894166666666666	0,8760414123535156
42	1	ETC	20	1,0	1,0	0,7579617834394905	0,8551819363222872	0,8715057373046875
42	2	ETC	20	1,0	1,0	0,7515923566878981	0,8278102664067575	0,8582582473754883
42	3	ETC	20	1,0	1,0	0,8516129032258064	0,9199166666666666	0,8882925510406494
42	4	ETC	20	1,0	1,0	0,8516129032258064	0,9341666666666666	0,8792448043823242
42	5	ETC	20	1,0	1,0	0,7935483870967742	0,861	0,8708760738372803
69	1	ETC	20	1,0	1,0	0,7643312101910829	0,8773554256010396	0,8667247295379639
69	2	ETC	20	1,0	1,0	0,7515923566878981	0,8487654320987653	0,8638267517089844
69	3	ETC	20	1,0	1,0	0,8193548387096774	0,9111666666666668	0,8822336196899414
69	4	ETC	20	1,0	1,0	0,8516129032258064	0,9364166666666667	0,8802320957183838
69	5	ETC	20	1,0	1,0	0,7870967741935484	0,8694166666666667	0,877284049987793
19	1	ETC	50	1,0	1,0	0,7452229299363057	0,8612735542560104	0,9456839561462402
19	2	ETC	50	1,0	0,9999999999999999	0,7707006369426752	0,8537199480181935	0,9400584697723389
19	3	ETC	50	1,0	1,0	0,8709677419354839	0,9166666666666667	0,9575233459472656
19	4	ETC	50	1,0	1,0	0,8387096774193549	0,9385000000000001	0,9341840744018555
19	5	ETC	50	1,0	1,0	0,8	0,8825833333333334	0,931617021560669
42	1	ETC	50	1,0	1,0	0,802547770700637	0,8742690058479532	0,9463698863983154
42	2	ETC	50	1,0	1,0	0,7707006369426752	0,8324398960363871	0,9392387866973877
42	3	ETC	50	1,0	1,0	0,8387096774193549	0,9235833333333334	0,969245433807373
42	4	ETC	50	1,0	1,0	0,8387096774193549	0,9375833333333333	0,9681556224822998
42	5	ETC	50	1,0	0,9999999999999999	0,8064516129032258	0,88525	0,947638988494873
69	1	ETC	50	1,0	0,9999999999999999	0,7834394904458599	0,8664717348927875	0,9421367645263672
69	2	ETC	50	1,0	1,0	0,7579617834394905	0,8673651721897336	0,9323508739471436
69	3	ETC	50	1,0	1,0	0,8516129032258064	0,88925	0,9547038078308105
69	4	ETC	50	1,0	1,0	0,8129032258064516	0,9265833333333333	0,9540050029754639
69	5	ETC	50	1,0	1,0	0,8193548387096774	0,8823333333333334	0,9414505958557129
19	1	ETC	5	1,0	1,0	0,7961783439490446	0,8752436647173489	0,8189682960510254
19	2	ETC	5	1,0	1,0	0,7452229299363057	0,8340643274853802	0,8096179962158203
19	3	ETC	5	1,0	1,0	0,8129032258064516	0,8736666666666666	0,8326725959777832
19	4	ETC	5	1,0	1,0	0,8516129032258064	0,9044166666666666	0,8343853950500488
19	5	ETC	5	1,0	1,0	0,7032258064516129	0,7703333333333333	0,8166871070861816
42	1	ETC	5	1,0	1,0	0,7643312101910829	0,8486029889538662	0,793311595916748
42	2	ETC	5	1,0	1,0	0,7643312101910829	0,7898797920727745	0,7838575839996338
42	3	ETC	5	1,0	1,0	0,7677419354838709	0,8385833333333333	0,805091381072998
42	4	ETC	5	1,0	1,0	0,7419354838709677	0,8338333333333333	0,8118565082550049
42	5	ETC	5	1,0	1,0	0,7290322580645161	0,7579166666666667	0,8035683631896973
69	1	ETC	5	1,0	1,0	0,7388535031847133	0,8432423651721898	0,818101167678833
69	2	ETC	5	1,0	1,0	0,732484076433121	0,8548570500324887	0,8105008602142334
69	3	ETC	5	1,0	1,0	0,7612903225806451	0,8698333333333335	0,8332428932189941
69	4	ETC	5	1,0	1,0	0,8580645161290322	0,9194166666666667	0,8325870037078857
69	5	ETC	5	1,0	1,0	0,6903225806451613	0,7926666666666666	0,8225297927856445
19	1	FC	100	1,0	1,0	0,7961783439490446	0,8913255360623781	0,5365395545959473
19	2	FC	100	1,0	1,0	0,7515923566878981	0,8394249512670565	0,5375101566314697
19	3	FC	100	1,0	1,0	0,8064516129032258	0,9071666666666667	0,5489413738250732
19	4	FC	100	1,0	1,0	0,832258064516129	0,9265833333333334	0,539947509765625
19	5	FC	100	1,0	1,0	0,8129032258064516	0,8767499999999999	0,5439527034759521
42	1	FC	100	1,0	1,0	0,7898089171974523	0,8812540610786224	0,5440685749053955
42	2	FC	100	1,0	1,0	0,7770700636942676	0,8654158544509422	0,538731575012207
42	3	FC	100	1,0	1,0	0,8193548387096774	0,9075	0,5565462112426758
42	4	FC	100	1,0	1,0	0,832258064516129	0,9119166666666667	0,5343444347381592
42	5	FC	100	1,0	1,0	0,7935483870967742	0,868	0,5468142032623291
69	1	FC	100	1,0	1,0	0,8089171974522293	0,8992852501624431	0,5533020496368408
69	2	FC	100	1,0	1,0	0,7643312101910829	0,8514457439896036	0,5334348678588867
69	3	FC	100	1,0	1,0	0,8580645161290322	0,9159166666666667	0,5435893535614014
69	4	FC	100	1,0	1,0	0,8516129032258064	0,9290833333333334	0,5439293384552002
69	5	FC	100	1,0	1,0	0,8064516129032258	0,8704999999999999	0,537879228591919
19	1	FC	10	1,0	1,0	0,7515923566878981	0,8712638076673165	0,34647393226623535
19	2	FC	10	1,0	1,0	0,7388535031847133	0,8382878492527616	0,3285808563232422
19	3	FC	10	1,0	1,0	0,8580645161290322	0,8796666666666666	0,3392810821533203
19	4	FC	10	1,0	1,0	0,7935483870967742	0,8857500000000001	0,3434865474700928
19	5	FC	10	1,0	1,0	0,7806451612903226	0,86325	0,34391164779663086
42	1	FC	10	1,0	1,0	0,7388535031847133	0,8673651721897336	0,34650754928588867
42	2	FC	10	1,0	0,9999999999999999	0,7452229299363057	0,8516894087069525	0,3244895935058594
42	3	FC	10	1,0	1,0	0,8387096774193549	0,8835000000000002	0,34453487396240234
42	4	FC	10	1,0	0,9999999999999999	0,7870967741935484	0,8791666666666668	0,3396735191345215
42	5	FC	10	1,0	1,0	0,7548387096774194	0,8546666666666667	0,3432168960571289
69	1	FC	10	1,0	1,0	0,7515923566878981	0,8654158544509423	0,3432583808898926
69	2	FC	10	1,0	1,0	0,7515923566878981	0,837962962962963	0,3254845142364502
69	3	FC	10	1,0	1,0	0,832258064516129	0,8899166666666667	0,34717369079589844
69	4	FC	10	1,0	1,0	0,8	0,8791666666666668	0,33647632598876953
69	5	FC	10	1,0	1,0	0,7806451612903226	0,8481666666666666	0,34224987030029297
19	1	FC	200	1,0	0,9999999999999999	0,7961783439490446	0,8860461338531513	0,6585862636566162
19	2	FC	200	1,0	1,0	0,7643312101910829	0,8650097465886939	0,6516151428222656
19	3	FC	200	1,0	1,0	0,8709677419354839	0,92425	0,6645386219024658
19	4	FC	200	1,0	1,0	0,8258064516129032	0,9155	0,6521396636962891
19	5	FC	200	1,0	1,0	0,8	0,8788333333333332	0,6640501022338867
42	1	FC	200	1,0	1,0	0,8089171974522293	0,8843404808317089	0,6661291122436523
42	2	FC	200	1,0	1,0	0,7579617834394905	0,8312215724496426	0,6445798873901367
42	3	FC	200	1,0	0,9999999999999999	0,864516129032258	0,9260000000000002	0,6596653461456299
42	4	FC	200	1,0	1,0	0,8193548387096774	0,9114166666666668	0,6531815528869629
42	5	FC	200	1,0	1,0	0,8193548387096774	0,8985	0,6604127883911133
69	1	FC	200	1,0	1,0	0,7961783439490446	0,8826348278102664	0,663862943649292
69	2	FC	200	1,0	1,0	0,7707006369426752	0,8549382716049383	0,6468324661254883
69	3	FC	200	1,0	1,0	0,8387096774193549	0,9180833333333334	0,66074538230896
69	4	FC	200	1,0	1,0	0,8193548387096774	0,9170833333333334	0,6520390510559082
69	5	FC	200	1,0	1,0	0,8064516129032258	0,8846666666666666	0,6635205745697021
19	1	FC	20	1,0	1,0	0,7961783439490446	0,8838531513970109	0,37338876724243164
19	2	FC	20	1,0	1,0	0,7707006369426752	0,845679012345679	0,3601982593536377
19	3	FC	20	1,0	1,0	0,8516129032258064	0,90325	0,3657112121582031
19	4	FC	20	1,0	1,0	0,7870967741935484	0,89575	0,369734525680542
19	5	FC	20	1,0	1,0	0,7677419354838709	0,8674166666666666	0,37274956703186035
42	1	FC	20	1,0	1,0	0,7898089171974523	0,8823911630929174	0,3690197467803955
42	2	FC	20	1,0	1,0	0,7515923566878981	0,8217998700454842	0,36158013343811035
42	3	FC	20	1,0	1,0	0,8258064516129032	0,9019166666666667	0,3720874786376953
42	4	FC	20	1,0	1,0	0,8129032258064516	0,8905	0,3651752471923828
42	5	FC	20	1,0	1,0	0,7935483870967742	0,8715	0,3669583797454834
69	1	FC	20	1,0	1,0	0,802547770700637	0,8885640025990904	0,35860204696655273
69	2	FC	20	1,0	1,0	0,7643312101910829	0,8391812865497076	0,36325573921203613
69	3	FC	20	1,0	0,9999999999999999	0,8580645161290322	0,9107500000000001	0,37483716011047363
69	4	FC	20	1,0	1,0	0,7935483870967742	0,89025	0,3689141273498535
69	5	FC	20	1,0	0,9999999999999999	0,7806451612903226	0,8569166666666667	0,3666691780090332
19	1	FC	50	1,0	1,0	0,7961783439490446	0,8814165042235217	0,44689178466796875
19	2	FC	50	1,0	1,0	0,7452229299363057	0,8542072774528914	0,45241308212280273
19	3	FC	50	1,0	1,0	0,8451612903225807	0,9075833333333334	0,46053123474121094
19	4	FC	50	1,0	1,0	0,832258064516129	0,9135	0,4465644359588623
19	5	FC	50	1,0	1,0	0,7806451612903226	0,8742500000000001	0,452176570892334
42	1	FC	50	1,0	1,0	0,7898089171974523	0,8856400259909031	0,4594612121582031
42	2	FC	50	1,0	1,0	0,7643312101910829	0,855669265756985	0,44475603103637695
42	3	FC	50	1,0	1,0	0,832258064516129	0,9115	0,4615316390991211
42	4	FC	50	1,0	0,9999999999999999	0,8451612903225807	0,9101666666666667	0,44849514961242676
42	5	FC	50	1,0	1,0	0,8	0,8760833333333333	0,4468216896057129
69	1	FC	50	1,0	1,0	0,7770700636942676	0,8844217024041585	0,4537804126739502
69	2	FC	50	1,0	1,0	0,7770700636942676	0,8615172189733592	0,4525580406188965
69	3	FC	50	1,0	1,0	0,8516129032258064	0,9214166666666667	0,4575676918029785
69	4	FC	50	1,0	1,0	0,8193548387096774	0,9155	0,4541153907775879
69	5	FC	50	1,0	0,9999999999999999	0,7935483870967742	0,8655	0,44813036918640137
19	1	FC	5	1,0	1,0	0,6878980891719745	0,774528914879792	0,3219273090362549
19	2	FC	5	1,0	1,0	0,7515923566878981	0,7872807017543859	0,3075103759765625
19	3	FC	5	1,0	1,0	0,7677419354838709	0,8553333333333334	0,31673169136047363
19	4	FC	5	1,0	1,0	0,7935483870967742	0,8613333333333333	0,3043384552001953
19	5	FC	5	1,0	1,0	0,7741935483870968	0,83475	0,31644153594970703
42	1	FC	5	1,0	1,0	0,7261146496815286	0,7767218973359324	0,3231532573699951
42	2	FC	5	1,0	1,0	0,7388535031847133	0,799057829759584	0,30828070640563965
42	3	FC	5	1,0	1,0	0,7806451612903226	0,8559166666666668	0,31801652908325195
42	4	FC	5	1,0	1,0	0,8	0,8683333333333333	0,30884289741516113
42	5	FC	5	1,0	1,0	0,7612903225806451	0,8425	0,3122560977935791
69	1	FC	5	1,0	1,0	0,6942675159235668	0,7665692007797271	0,31427502632141113
69	2	FC	5	1,0	1,0	0,7452229299363057	0,7940220922677061	0,3069925308227539
69	3	FC	5	1,0	1,0	0,7419354838709677	0,8498333333333333	0,3168215751647949
69	4	FC	5	1,0	1,0	0,7935483870967742	0,8665	0,2993628978729248
69	5	FC	5	1,0	0,9999999999999999	0,7419354838709677	0,8416666666666668	0,3204994201660156
19	1	MI	100	1,0	1,0	0,7707006369426752	0,8905133203378817	32,50933909416199
19	2	MI	100	1,0	0,9999999999999999	0,7515923566878981	0,8418615984405458	32,37726140022278
19	3	MI	100	1,0	0,9999999999999999	0,8838709677419355	0,9335833333333333	32,36084771156311
19	4	MI	100	1,0	1,0	0,8064516129032258	0,9124166666666668	32,18524503707886
19	5	MI	100	1,0	1,0	0,7935483870967742	0,89325	31,92922616004944
42	1	MI	100	1,0	1,0	0,7770700636942676	0,8795484080571799	33,160054206848145
42	2	MI	100	0,9983922829581994	1,0	0,7452229299363057	0,8330084470435347	33,04246425628662
42	3	MI	100	1,0	1,0	0,8709677419354839	0,9370833333333334	33,09025287628174
42	4	MI	100	1,0	1,0	0,8258064516129032	0,9221666666666668	33,021435499191284
42	5	MI	100	1,0	1,0	0,8193548387096774	0,8948333333333334	32,920225620269775
69	1	MI	100	1,0	1,0	0,7643312101910829	0,8771929824561403	32,7035915851593
69	2	MI	100	1,0	0,9999999999999999	0,7643312101910829	0,8373944119558154	32,679837226867676
69	3	MI	100	1,0	1,0	0,864516129032258	0,9301666666666667	32,675511598587036
69	4	MI	100	1,0	1,0	0,832258064516129	0,9273333333333332	32,63324451446533
69	5	MI	100	1,0	1,0	0,8064516129032258	0,9005	32,56498718261719
19	1	MI	10	1,0	1,0	0,7006369426751592	0,8181448992852501	33,17047834396362
19	2	MI	10	1,0	1,0	0,7452229299363057	0,7716861598440546	33,28124475479126
19	3	MI	10	1,0	1,0	0,8387096774193549	0,9069999999999999	33,36868214607239
19	4	MI	10	1,0	1,0	0,832258064516129	0,9011666666666667	33,37631702423096
19	5	MI	10	1,0	1,0	0,7483870967741936	0,8435833333333334	33,38466501235962
42	1	MI	10	1,0	1,0	0,7261146496815286	0,8399935022742041	33,17861890792847
42	2	MI	10	1,0	1,0	0,7643312101910829	0,775666016894087	33,21916317939758
42	3	MI	10	1,0	1,0	0,8258064516129032	0,8911666666666668	33,29315662384033
42	4	MI	10	1,0	1,0	0,8064516129032258	0,89375	33,257245779037476
42	5	MI	10	1,0	1,0	0,7741935483870968	0,8420000000000003	33,274951457977295
69	1	MI	10	1,0	0,9999999999999999	0,7197452229299363	0,8295159194281999	33,186243534088135
69	2	MI	10	1,0	1,0	0,7388535031847133	0,7760721247563352	33,23213076591492
69	3	MI	10	1,0	1,0	0,8129032258064516	0,9139166666666667	33,34225845336914
69	4	MI	10	1,0	1,0	0,8258064516129032	0,8920833333333333	33,338953256607056
69	5	MI	10	1,0	1,0	0,7548387096774194	0,82725	33,30698084831238
19	1	MI	200	1,0	1,0	0,7834394904458599	0,8844217024041586	31,624667644500732
19	2	MI	200	1,0	1,0	0,7643312101910829	0,8356075373619233	31,426837921142578
19	3	MI	200	1,0	1,0	0,864516129032258	0,9424166666666667	31,22639226913452
19	4	MI	200	1,0	1,0	0,8387096774193549	0,93525	30,870119094848633
19	5	MI	200	1,0	1,0	0,8387096774193549	0,9101666666666667	30,669491052627563
42	1	MI	200	1,0	1,0	0,7643312101910829	0,882472384665367	32,50136590003967
42	2	MI	200	1,0	0,9999999999999999	0,7452229299363057	0,8553443794671864	32,4547860622406
42	3	MI	200	1,0	1,0	0,8709677419354839	0,9380000000000001	32,41664433479309
42	4	MI	200	1,0	1,0	0,8258064516129032	0,9242499999999999	32,019633054733276
42	5	MI	200	1,0	1,0	0,8451612903225807	0,8955833333333334	31,813061952590942
69	1	MI	200	1,0	1,0	0,7579617834394905	0,87727420402859	31,715328454971313
69	2	MI	200	1,0	1,0	0,7515923566878981	0,8399122807017543	31,49253249168396
69	3	MI	200	1,0	1,0	0,8774193548387097	0,9274166666666667	31,32765555381775
69	4	MI	200	1,0	0,9999999999999999	0,8193548387096774	0,92725	30,995040893554688
69	5	MI	200	1,0	0,9999999999999999	0,8129032258064516	0,8901666666666666	30,70284938812256
19	1	MI	20	1,0	1,0	0,7643312101910829	0,845679012345679	32,9863555431366
19	2	MI	20	1,0	1,0	0,7579617834394905	0,8333333333333333	32,97659134864807
19	3	MI	20	1,0	1,0	0,8258064516129032	0,9188333333333334	33,079885959625244
19	4	MI	20	1,0	1,0	0,8258064516129032	0,9114166666666667	33,070127964019775
19	5	MI	20	1,0	1,0	0,7741935483870968	0,8498333333333334	33,147098541259766
42	1	MI	20	1,0	1,0	0,7388535031847133	0,8555068226120858	32,940778732299805
42	2	MI	20	1,0	1,0	0,7006369426751592	0,8198505523066926	32,9650673866272
42	3	MI	20	1,0	1,0	0,8451612903225807	0,9244166666666667	33,03895616531372
42	4	MI	20	1,0	1,0	0,8193548387096774	0,8985	32,99016785621643
42	5	MI	20	1,0	1,0	0,7677419354838709	0,8446666666666667	32,92393922805786
69	1	MI	20	1,0	1,0	0,7515923566878981	0,8572124756335283	32,9103946685791
69	2	MI	20	1,0	1,0	0,7452229299363057	0,8574561403508771	32,97678017616272
69	3	MI	20	1,0	1,0	0,864516129032258	0,9272499999999999	33,046164751052856
69	4	MI	20	1,0	1,0	0,8193548387096774	0,9005	32,984867811203
69	5	MI	20	1,0	1,0	0,7935483870967742	0,8673333333333333	32,982085943222046
19	1	MI	50	1,0	1,0	0,7452229299363057	0,8525828460038987	33,04500079154968
19	2	MI	50	1,0	0,9999999999999999	0,7452229299363057	0,8347141000649773	33,0878210067749
19	3	MI	50	1,0	1,0	0,8451612903225807	0,9285833333333333	33,21767282485962
19	4	MI	50	1,0	1,0	0,832258064516129	0,9119166666666666	33,172945976257324
19	5	MI	50	1,0	1,0	0,7870967741935484	0,8599166666666667	33,16869378089905
42	1	MI	50	1,0	1,0	0,7515923566878981	0,8611923326835608	32,82862687110901
42	2	MI	50	1,0	1,0	0,7579617834394905	0,8282163742690059	32,86777138710022
42	3	MI	50	1,0	1,0	0,8258064516129032	0,9223333333333333	33,00079941749573
42	4	MI	50	1,0	1,0	0,8258064516129032	0,9173333333333334	32,942630767822266
42	5	MI	50	1,0	1,0	0,8129032258064516	0,8778333333333332	32,954941272735596
69	1	MI	50	1,0	1,0	0,7643312101910829	0,8695581546458739	33,07736134529114
69	2	MI	50	1,0	0,9999999999999999	0,7643312101910829	0,8377192982456141	33,06490707397461
69	3	MI	50	1,0	1,0	0,8516129032258064	0,9136666666666666	33,201436281204224
69	4	MI	50	1,0	1,0	0,8258064516129032	0,9175833333333333	33,18636202812195
69	5	MI	50	1,0	1,0	0,8	0,876	33,1338095664978
19	1	MI	5	1,0	1,0	0,6815286624203821	0,7900422352176739	33,21837544441223
19	2	MI	5	1,0	1,0	0,6815286624203821	0,7220597790773229	33,20585370063782
19	3	MI	5	1,0	0,9999999999999999	0,7741935483870968	0,83775	33,2567412853241
19	4	MI	5	1,0	1,0	0,7806451612903226	0,8551666666666666	33,246862173080444
19	5	MI	5	1,0	1,0	0,7096774193548387	0,7935000000000001	33,24438524246216
42	1	MI	5	1,0	1,0	0,7579617834394905	0,8311403508771928	33,33424663543701
42	2	MI	5	1,0	1,0	0,732484076433121	0,7797270955165692	33,25834035873413
42	3	MI	5	1,0	1,0	0,7870967741935484	0,8468333333333332	33,33962106704712
42	4	MI	5	1,0	1,0	0,7419354838709677	0,82025	33,32432961463928
42	5	MI	5	1,0	1,0	0,7290322580645161	0,7890833333333334	33,31281232833862
69	1	MI	5	1,0	1,0	0,7388535031847133	0,8232618583495777	33,20933508872986
69	2	MI	5	1,0	1,0	0,6942675159235668	0,7307504873294347	33,261897563934326
69	3	MI	5	1,0	1,0	0,7741935483870968	0,84975	33,35393309593201
69	4	MI	5	1,0	1,0	0,7612903225806451	0,8486666666666668	33,31117224693298
69	5	MI	5	1,0	0,9999999999999999	0,6967741935483871	0,7860833333333335	33,328041791915894
19	1	REF_LR	100	1,0	1,0	0,8407643312101911	0,9053768680961662	5446,919768333435
19	2	REF_LR	100	1,0	1,0	0,7707006369426752	0,8749999999999999	5373,565311908722
19	3	REF_LR	100	1,0	1,0	0,8774193548387097	0,94225	5392,212694883347
19	4	REF_LR	100	1,0	1,0	0,8580645161290322	0,9516666666666668	5397,892334222794
19	5	REF_LR	100	1,0	1,0	0,8129032258064516	0,9090833333333334	5489,453854560852
42	1	REF_LR	100	1,0	0,9999999999999999	0,802547770700637	0,902046783625731	5443,0171110630035
42	2	REF_LR	100	1,0	1,0	0,7707006369426752	0,869314489928525	5373,688051700592
42	3	REF_LR	100	1,0	1,0	0,8451612903225807	0,9316666666666668	5389,471395969391
42	4	REF_LR	100	1,0	1,0	0,8451612903225807	0,9398333333333334	5401,712230920792
42	5	REF_LR	100	1,0	0,9999999999999999	0,8387096774193549	0,9276666666666666	5487,009805440903
69	1	REF_LR	100	1,0	1,0	0,8089171974522293	0,9087881741390513	5442,129798173904
69	2	REF_LR	100	1,0	1,0	0,7834394904458599	0,8706140350877193	5375,4661610126495
69	3	REF_LR	100	1,0	1,0	0,832258064516129	0,9305000000000001	5399,892638206482
69	4	REF_LR	100	1,0	1,0	0,8516129032258064	0,9385833333333333	5395,934233427048
69	5	REF_LR	100	1,0	1,0	0,8064516129032258	0,9154166666666667	5484,859238624573
19	1	REF_LR	10	1,0	0,9999999999999999	0,7452229299363057	0,8495776478232618	5449,814381361008
19	2	REF_LR	10	1,0	1,0	0,7070063694267515	0,8088044184535412	5382,474857568741
19	3	REF_LR	10	1,0	1,0	0,7806451612903226	0,8352500000000002	5379,628226280212
19	4	REF_LR	10	1,0	1,0	0,8387096774193549	0,9090833333333334	5406,788008451462
19	5	REF_LR	10	1,0	1,0	0,7548387096774194	0,7964166666666668	5500,089364767075
42	1	REF_LR	10	1,0	1,0	0,7133757961783439	0,8346328784925277	5455,534053325653
42	2	REF_LR	10	1,0	1,0	0,7133757961783439	0,8031189083820663	5384,194705247879
42	3	REF_LR	10	1,0	1,0	0,7741935483870968	0,8259166666666666	5378,999860525131
42	4	REF_LR	10	1,0	1,0	0,8387096774193549	0,9102499999999999	5405,999034166336
42	5	REF_LR	10	1,0	1,0	0,7483870967741936	0,7877500000000001	5495,724659919739
69	1	REF_LR	10	1,0	0,9999999999999999	0,7388535031847133	0,833414554905783	5452,106728076935
69	2	REF_LR	10	1,0	1,0	0,7388535031847133	0,8141650422352177	5390,604890823364
69	3	REF_LR	10	1,0	1,0	0,7741935483870968	0,8244166666666667	5376,446680545807
69	4	REF_LR	10	1,0	1,0	0,8129032258064516	0,9126666666666666	5410,530567407608
69	5	REF_LR	10	1,0	1,0	0,7483870967741936	0,7975833333333333	5490,829111814499
19	1	REF_LR	200	1,0	1,0	0,8535031847133758	0,9296621182586094	3529,8367586135864
19	2	REF_LR	200	1,0	1,0	0,7579617834394905	0,8603801169590642	3379,80379319191
19	3	REF_LR	200	1,0	1,0	0,8580645161290322	0,93375	3249,406158208847
19	4	REF_LR	200	1,0	1,0	0,8516129032258064	0,9334999999999999	3228,956778526306
19	5	REF_LR	200	1,0	1,0	0,8129032258064516	0,9154166666666668	3286,687971353531
42	1	REF_LR	200	1,0	1,0	0,8471337579617835	0,9244639376218323	4110,560900449753
42	2	REF_LR	200	1,0	1,0	0,7770700636942676	0,8625730994152047	4058,300690174103
42	3	REF_LR	200	1,0	1,0	0,8709677419354839	0,9375000000000001	3985,860043525696
42	4	REF_LR	200	1,0	1,0	0,8516129032258064	0,9307500000000001	3757,7452731132507
42	5	REF_LR	200	1,0	1,0	0,8129032258064516	0,9123333333333333	3800,9988758563995
69	1	REF_LR	200	1,0	0,9999999999999999	0,8407643312101911	0,9097628330084471	4088,7680699825287
69	2	REF_LR	200	1,0	1,0	0,7643312101910829	0,8483593242365172	4047,169913291931
69	3	REF_LR	200	1,0	1,0	0,8451612903225807	0,9300833333333334	3974,3531560897827
69	4	REF_LR	200	1,0	1,0	0,8516129032258064	0,9430000000000001	3748,6239256858826
69	5	REF_LR	200	1,0	1,0	0,8129032258064516	0,9208333333333334	3800,562148332596
19	1	REF_LR	20	1,0	1,0	0,8152866242038217	0,8869395711500975	5404,975110292435
19	2	REF_LR	20	1,0	1,0	0,7579617834394905	0,8237491877842755	5327,744614601135
19	3	REF_LR	20	1,0	1,0	0,7870967741935484	0,862	5329,267066717148
19	4	REF_LR	20	1,0	1,0	0,832258064516129	0,9185000000000001	5360,300746917725
19	5	REF_LR	20	1,0	1,0	0,7870967741935484	0,8566666666666667	5433,833186388016
42	1	REF_LR	20	1,0	1,0	0,7898089171974523	0,8858024691358025	4810,647408008575
42	2	REF_LR	20	1,0	1,0	0,7515923566878981	0,8086419753086419	4746,534175634384
42	3	REF_LR	20	1,0	1,0	0,7806451612903226	0,8600833333333333	4739,287489414215
42	4	REF_LR	20	1,0	1,0	0,7935483870967742	0,91025	4793,936051607132
42	5	REF_LR	20	1,0	1,0	0,7548387096774194	0,8533333333333333	4832,800892114639
69	1	REF_LR	20	1,0	1,0	0,7961783439490446	0,87727420402859	5390,152468204498
69	2	REF_LR	20	1,0	1,0	0,7388535031847133	0,8083983105912931	5315,71445441246
69	3	REF_LR	20	1,0	1,0	0,7870967741935484	0,8681666666666666	5326,464739084244
69	4	REF_LR	20	1,0	1,0	0,8451612903225807	0,9218333333333333	5354,665925502777
69	5	REF_LR	20	1,0	1,0	0,7612903225806451	0,8580833333333333	5444,679281949997
19	1	REF_LR	50	1,0	1,0	0,7898089171974523	0,8951429499675114	5466,059468269348
19	2	REF_LR	50	1,0	1,0	0,7579617834394905	0,8764619883040936	5392,920617341995
19	3	REF_LR	50	1,0	1,0	0,8258064516129032	0,91775	5401,210940122604
19	4	REF_LR	50	1,0	1,0	0,8451612903225807	0,93675	5409,394325017929
19	5	REF_LR	50	1,0	1,0	0,8129032258064516	0,9065833333333334	5464,355711936951
42	1	REF_LR	50	1,0	1,0	0,8152866242038217	0,9073261858349577	5365,023955345154
42	2	REF_LR	50	1,0	1,0	0,7770700636942676	0,8595679012345678	5288,424848794937
42	3	REF_LR	50	1,0	0,9999999999999999	0,864516129032258	0,9315833333333333	5305,599170923233
42	4	REF_LR	50	1,0	1,0	0,8258064516129032	0,9328333333333333	5338,30636882782
42	5	REF_LR	50	1,0	1,0	0,8516129032258064	0,9265833333333334	5425,532216787338
69	1	REF_LR	50	1,0	1,0	0,8089171974522293	0,8962800519818063	5342,945785522461
69	2	REF_LR	50	1,0	1,0	0,7770700636942676	0,8592430149447693	5277,713752031326
69	3	REF_LR	50	1,0	1,0	0,8451612903225807	0,92125	5292,880615711212
69	4	REF_LR	50	1,0	1,0	0,8387096774193549	0,9333333333333333	5346,328749418259
69	5	REF_LR	50	1,0	0,9999999999999999	0,8451612903225807	0,9245	5422,044187307358
19	1	REF_LR	5	1,0	1,0	0,6560509554140127	0,7412280701754383	5411,38618516922
19	2	REF_LR	5	1,0	1,0	0,7070063694267515	0,7949155295646524	5333,0686638355255
19	3	REF_LR	5	1,0	1,0	0,7677419354838709	0,8488333333333334	5338,357066631317
19	4	REF_LR	5	0,9983974358974359	0,9999948582945992	0,7548387096774194	0,8653333333333333	5364,894332647324
19	5	REF_LR	5	1,0	1,0	0,7032258064516129	0,7564166666666667	5443,858365535736
42	1	REF_LR	5	1,0	1,0	0,6496815286624203	0,7344866796621182	4830,18948507309
42	2	REF_LR	5	1,0	1,0	0,7006369426751592	0,8068551007147499	4758,485595464706
42	3	REF_LR	5	1,0	1,0	0,7741935483870968	0,8341666666666667	4754,032842159271
42	4	REF_LR	5	0,9983974358974359	0,9999948582945991	0,7419354838709677	0,8631666666666666	4791,526573419571
42	5	REF_LR	5	1,0	1,0	0,7032258064516129	0,7688333333333333	4853,883501291275
69	1	REF_LR	5	1,0	1,0	0,6496815286624203	0,7335120207927226	4808,764357805252
69	2	REF_LR	5	1,0	1,0	0,6878980891719745	0,7872807017543859	4745,542464733124
69	3	REF_LR	5	1,0	1,0	0,7612903225806451	0,8364166666666667	4739,850024700165
69	4	REF_LR	5	0,9983974358974359	0,9999948582945992	0,7483870967741936	0,8535	4788,194557905197
69	5	REF_LR	5	1,0	1,0	0,6709677419354839	0,7511666666666666	4846,537636518478
19	1	REF_RF	100	1,0	1,0	0,821656050955414	0,9280376868096167	6505,716922044754
19	2	REF_RF	100	1,0	1,0	0,7834394904458599	0,8797920727745289	6450,397657871246
19	3	REF_RF	100	1,0	1,0	0,896774193548387	0,9483333333333334	6588,64416384697
19	4	REF_RF	100	1,0	1,0	0,8709677419354839	0,9493333333333334	6827,661880731583
19	5	REF_RF	100	1,0	1,0	0,8193548387096774	0,8828333333333334	6794,383687019348
42	1	REF_RF	100	1,0	1,0	0,821656050955414	0,9105750487329435	7626,390593767166
42	2	REF_RF	100	1,0	1,0	0,802547770700637	0,8943307342430149	7525,012974023819
42	3	REF_RF	100	1,0	1,0	0,8838709677419355	0,9395833333333333	7588,182265996933
42	4	REF_RF	100	1,0	1,0	0,864516129032258	0,9428333333333334	7584,436705827713
42	5	REF_RF	100	1,0	1,0	0,7741935483870968	0,8775833333333334	7451,7291095256805
69	1	REF_RF	100	1,0	1,0	0,821656050955414	0,9169103313840155	7619,618849277496
69	2	REF_RF	100	1,0	1,0	0,7898089171974523	0,87727420402859	7533,536448478699
69	3	REF_RF	100	1,0	1,0	0,8903225806451613	0,9421666666666666	7619,913026809692
69	4	REF_RF	100	1,0	1,0	0,8580645161290322	0,9359166666666667	7582,991116523743
69	5	REF_RF	100	1,0	1,0	0,8	0,8885833333333333	7459,101736545563
19	1	REF_RF	10	1,0	1,0	0,802547770700637	0,8980669265756985	6947,136937618256
19	2	REF_RF	10	1,0	1,0	0,7961783439490446	0,8959551656920077	6891,994522571564
19	3	REF_RF	10	1,0	1,0	0,8903225806451613	0,9248333333333334	7027,96742105484
19	4	REF_RF	10	1,0	1,0	0,8709677419354839	0,9299166666666666	7016,949990749359
19	5	REF_RF	10	1,0	1,0	0,7161290322580646	0,7886666666666666	6902,899029970169
42	1	REF_RF	10	1,0	1,0	0,802547770700637	0,8967673814165043	6951,269447565079
42	2	REF_RF	10	1,0	1,0	0,8280254777070064	0,8950617283950617	6880,975222110748
42	3	REF_RF	10	1,0	1,0	0,896774193548387	0,9178333333333334	7024,291204690933
42	4	REF_RF	10	1,0	0,9999999999999999	0,8580645161290322	0,9307500000000001	7011,994147777557
42	5	REF_RF	10	1,0	1,0	0,7677419354838709	0,8170833333333334	6902,036160945892
69	1	REF_RF	10	1,0	1,0	0,7643312101910829	0,8767056530214424	6955,066374063492
69	2	REF_RF	10	1,0	1,0	0,802547770700637	0,8893762183235867	6895,7866995334625
69	3	REF_RF	10	1,0	1,0	0,8903225806451613	0,9153333333333333	7031,215496301651
69	4	REF_RF	10	1,0	1,0	0,8580645161290322	0,922	7042,271536588669
69	5	REF_RF	10	1,0	1,0	0,7548387096774194	0,80625	6913,708507299423
19	1	REF_RF	200	1,0	1,0	0,8280254777070064	0,9096003898635477	7383,580569028854
19	2	REF_RF	200	1,0	1,0	0,7898089171974523	0,862735542560104	7292,695452451706
19	3	REF_RF	200	1,0	1,0	0,8774193548387097	0,9376666666666666	7476,517005681992
19	4	REF_RF	200	1,0	1,0	0,8838709677419355	0,94675	6814,44961977005
19	5	REF_RF	200	1,0	1,0	0,7870967741935484	0,884	6416,51127910614
42	1	REF_RF	200	1,0	1,0	0,802547770700637	0,9171539961013645	6324,386976003647
42	2	REF_RF	200	1,0	1,0	0,7898089171974523	0,8780864197530864	6274,888999700546
42	3	REF_RF	200	1,0	1,0	0,8774193548387097	0,9436666666666668	6402,511013269424
42	4	REF_RF	200	1,0	1,0	0,8709677419354839	0,9467500000000001	6598,104289054871
42	5	REF_RF	200	1,0	1,0	0,8516129032258064	0,9010000000000001	6626,638040781021
69	1	REF_RF	200	1,0	1,0	0,7961783439490446	0,9028589993502273	6380,668684005737
69	2	REF_RF	200	1,0	1,0	0,7834394904458599	0,8722384665367121	6337,970811843872
69	3	REF_RF	200	1,0	1,0	0,8709677419354839	0,93325	6452,526555776596
69	4	REF_RF	200	1,0	1,0	0,8580645161290322	0,9455	6623,471155643463
69	5	REF_RF	200	1,0	1,0	0,7741935483870968	0,8800000000000001	6532,299726486206
19	1	REF_RF	20	1,0	1,0	0,8152866242038217	0,9059454191033138	7208,216380357742
19	2	REF_RF	20	1,0	1,0	0,802547770700637	0,8569688109161793	7094,6141765117645
19	3	REF_RF	20	1,0	1,0	0,8580645161290322	0,9144166666666668	7144,105055809021
19	4	REF_RF	20	1,0	1,0	0,8451612903225807	0,9406666666666667	7118,715823173523
19	5	REF_RF	20	1,0	1,0	0,7677419354838709	0,8440833333333333	7022,908467292786
42	1	REF_RF	20	1,0	1,0	0,802547770700637	0,9051332033788174	7218,45133972168
42	2	REF_RF	20	1,0	1,0	0,7898089171974523	0,8729694606887588	7094,445529937744
42	3	REF_RF	20	1,0	1,0	0,8774193548387097	0,9269166666666667	7151,184648513794
42	4	REF_RF	20	1,0	1,0	0,8258064516129032	0,9257500000000001	7130,1805646419525
42	5	REF_RF	20	1,0	1,0	0,7741935483870968	0,8515833333333334	6998,024349451065
69	1	REF_RF	20	1,0	0,9999999999999999	0,8280254777070064	0,9112248213125405	7331,9302933216095
69	2	REF_RF	20	1,0	1,0	0,7643312101910829	0,8546946068875892	7213,151006698608
69	3	REF_RF	20	1,0	1,0	0,8838709677419355	0,9185833333333333	7252,068772792816
69	4	REF_RF	20	1,0	1,0	0,8774193548387097	0,9393333333333334	7252,212292671204
69	5	REF_RF	20	1,0	0,9999999999999999	0,7870967741935484	0,8474166666666666	7086,920128107071
19	1	REF_RF	50	1,0	1,0	0,8152866242038217	0,9240578297595843	7631,986019849777
19	2	REF_RF	50	1,0	0,9999999999999999	0,7898089171974523	0,893843404808317	7543,002787351608
19	3	REF_RF	50	1,0	1,0	0,896774193548387	0,94125	7609,625943183899
19	4	REF_RF	50	1,0	1,0	0,896774193548387	0,9598333333333333	7591,784583806992
19	5	REF_RF	50	1,0	1,0	0,8	0,8641666666666667	7453,06492972374
42	1	REF_RF	50	1,0	1,0	0,8089171974522293	0,9216211825860949	7196,26832318306
42	2	REF_RF	50	1,0	1,0	0,7834394904458599	0,8635477582846003	7099,681655883789
42	3	REF_RF	50	1,0	1,0	0,8709677419354839	0,9311666666666667	7128,012920379639
42	4	REF_RF	50	1,0	1,0	0,8903225806451613	0,9484166666666666	7121,983452796936
42	5	REF_RF	50	1,0	1,0	0,8064516129032258	0,87325	7014,215626001358
69	1	REF_RF	50	1,0	1,0	0,8089171974522293	0,9301494476933073	7640,857288837433
69	2	REF_RF	50	1,0	1,0	0,7898089171974523	0,8801169590643275	7543,455219984055
69	3	REF_RF	50	1,0	1,0	0,8774193548387097	0,9405000000000001	7613,39474272728
69	4	REF_RF	50	1,0	1,0	0,8903225806451613	0,9443333333333332	7601,204010725021
69	5	REF_RF	50	1,0	1,0	0,8	0,8625833333333334	7466,018034219742
19	1	REF_RF	5	1,0	1,0	0,7643312101910829	0,8402371669915529	6960,878539800644
19	2	REF_RF	5	1,0	1,0	0,7643312101910829	0,8212313190383365	6886,786549329758
19	3	REF_RF	5	1,0	1,0	0,7935483870967742	0,8375	7029,049977302551
19	4	REF_RF	5	1,0	1,0	0,8451612903225807	0,9109166666666667	7028,145632505417
19	5	REF_RF	5	1,0	1,0	0,7354838709677419	0,7985	6922,053956747055
42	1	REF_RF	5	1,0	1,0	0,7388535031847133	0,8528265107212475	6417,3912699222565
42	2	REF_RF	5	1,0	1,0	0,7197452229299363	0,7971897335932424	6358,435308933258
42	3	REF_RF	5	1,0	1,0	0,7677419354838709	0,8507500000000001	6469,838834524155
42	4	REF_RF	5	1,0	1,0	0,8	0,8897499999999999	6463,221458911896
42	5	REF_RF	5	1,0	1,0	0,6709677419354839	0,7538333333333335	6409,25617647171
69	1	REF_RF	5	1,0	1,0	0,732484076433121	0,822530864197531	6392,630302190781
69	2	REF_RF	5	1,0	1,0	0,7261146496815286	0,8148148148148148	6337,995829582214
69	3	REF_RF	5	1,0	1,0	0,8129032258064516	0,9055833333333333	6462,155206441879
69	4	REF_RF	5	1,0	1,0	0,832258064516129	0,8997499999999999	6460,854102373123
69	5	REF_RF	5	1,0	1,0	0,7290322580645161	0,7983333333333335	6411,812732934952
19	1	RF	60	1,0	1,0	0,7770700636942676	0,8832846003898637	2,431246519088745
19	2	RF	60	1,0	1,0	0,7770700636942676	0,8689083820662767	2,3834760189056396
19	3	RF	60	1,0	1,0	0,832258064516129	0,9196666666666667	2,4763269424438477
19	4	RF	60	1,0	0,9999999999999999	0,8451612903225807	0,9317500000000001	2,422539710998535
19	5	RF	60	1,0	1,0	0,8	0,8867499999999999	2,3839359283447266
42	1	RF	60	1,0	1,0	0,7961783439490446	0,8931124106562702	2,4766845703125
42	2	RF	60	1,0	1,0	0,7770700636942676	0,8852339181286549	2,3899831771850586
42	3	RF	60	1,0	1,0	0,8516129032258064	0,92125	2,450434684753418
42	4	RF	60	1,0	1,0	0,864516129032258	0,9336666666666666	2,4661834239959717
42	5	RF	60	1,0	1,0	0,8064516129032258	0,88225	2,429144859313965
69	1	RF	60	1,0	1,0	0,7770700636942676	0,8910006497725796	2,455639362335205
69	2	RF	60	1,0	1,0	0,7643312101910829	0,8420240415854451	2,3912932872772217
69	3	RF	60	1,0	1,0	0,8580645161290322	0,9223333333333333	2,456058979034424
69	4	RF	60	1,0	1,0	0,8387096774193549	0,9229166666666666	2,413196563720703
69	5	RF	60	1,0	1,0	0,8193548387096774	0,8845833333333334	2,4013254642486572
19	1	RF	60	1,0	1,0	0,802547770700637	0,8944119558154646	2,369429588317871
19	2	RF	60	1,0	1,0	0,7834394904458599	0,8586744639376218	2,3889124393463135
19	3	RF	60	1,0	1,0	0,8774193548387097	0,9310833333333334	2,4531588554382324
19	4	RF	60	1,0	1,0	0,8580645161290322	0,93175	2,41971492767334
19	5	RF	60	1,0	1,0	0,8193548387096774	0,8781666666666667	2,4350574016571045
42	1	RF	60	1,0	1,0	0,7961783439490446	0,8951429499675114	2,407758951187134
42	2	RF	60	1,0	1,0	0,7643312101910829	0,8326023391812866	2,395843505859375
42	3	RF	60	1,0	1,0	0,864516129032258	0,9314166666666667	2,4001569747924805
42	4	RF	60	1,0	1,0	0,832258064516129	0,92825	2,4110121726989746
42	5	RF	60	1,0	1,0	0,8	0,8779166666666667	2,4073891639709473
69	1	RF	60	1,0	1,0	0,8152866242038217	0,9001786874593892	2,457336902618408
69	2	RF	60	1,0	1,0	0,7643312101910829	0,8288661468486029	2,3957319259643555
69	3	RF	60	1,0	1,0	0,8580645161290322	0,92475	2,394246816635132
69	4	RF	60	1,0	1,0	0,8774193548387097	0,94925	2,4288971424102783
69	5	RF	60	1,0	1,0	0,8064516129032258	0,8897499999999999	2,379336357116699
19	1	RF	60	1,0	1,0	0,8280254777070064	0,9055393112410656	2,407911777496338
19	2	RF	60	1,0	1,0	0,7834394904458599	0,8653346328784924	2,432126522064209
19	3	RF	60	1,0	1,0	0,8709677419354839	0,9431666666666667	2,4219555854797363
19	4	RF	60	1,0	1,0	0,832258064516129	0,9266666666666667	2,4265284538269043
19	5	RF	60	1,0	1,0	0,8387096774193549	0,89375	2,362062692642212
42	1	RF	60	1,0	1,0	0,7961783439490446	0,8963612735542561	2,4329006671905518
42	2	RF	60	1,0	1,0	0,8152866242038217	0,8756497725795972	2,354177951812744
42	3	RF	60	1,0	1,0	0,8580645161290322	0,9275	2,4702398777008057
42	4	RF	60	1,0	0,9999999999999999	0,8580645161290322	0,9369999999999999	2,4522879123687744
42	5	RF	60	1,0	1,0	0,8129032258064516	0,8748333333333334	2,407834529876709
69	1	RF	60	1,0	1,0	0,7707006369426752	0,8823099415204677	2,4506940841674805
69	2	RF	60	1,0	1,0	0,7898089171974523	0,8804418453541261	2,3658628463745117
69	3	RF	60	1,0	1,0	0,864516129032258	0,9216666666666667	2,4118058681488037
69	4	RF	60	1,0	1,0	0,864516129032258	0,9348333333333333	2,455888509750366
69	5	RF	60	1,0	1,0	0,7677419354838709	0,8598333333333333	2,386657476425171
19	1	RF	60	1,0	1,0	0,7898089171974523	0,8948180636777127	2,408653974533081
19	2	RF	60	1,0	1,0	0,7898089171974523	0,8650909681611436	2,3696563243865967
19	3	RF	60	1,0	1,0	0,8580645161290322	0,92525	2,412745237350464
19	4	RF	60	1,0	1,0	0,8387096774193549	0,9286666666666668	2,452852487564087
19	5	RF	60	1,0	1,0	0,8129032258064516	0,8779166666666667	2,427428722381592
42	1	RF	60	1,0	1,0	0,7834394904458599	0,8797920727745289	2,4023144245147705
42	2	RF	60	1,0	1,0	0,7579617834394905	0,8366634178037687	2,4077212810516357
42	3	RF	60	1,0	1,0	0,864516129032258	0,9188333333333333	2,4442155361175537
42	4	RF	60	1,0	1,0	0,832258064516129	0,9418333333333334	2,4725537300109863
42	5	RF	60	1,0	1,0	0,8258064516129032	0,8893333333333333	2,385587692260742
69	1	RF	60	1,0	1,0	0,7961783439490446	0,9053768680961662	2,4489023685455322
69	2	RF	60	1,0	1,0	0,7707006369426752	0,8714262508122157	2,4304182529449463
69	3	RF	60	1,0	1,0	0,8387096774193549	0,9176666666666667	2,4331250190734863
69	4	RF	60	1,0	1,0	0,8064516129032258	0,9129999999999999	2,426074981689453
69	5	RF	60	1,0	1,0	0,8	0,8838333333333332	2,4331886768341064
19	1	RF	60	1,0	1,0	0,7643312101910829	0,8775990903183886	2,450634241104126
19	2	RF	60	1,0	1,0	0,7834394904458599	0,8520955165692008	2,3810815811157227
19	3	RF	60	1,0	1,0	0,8838709677419355	0,9261666666666667	2,4153318405151367
19	4	RF	60	1,0	1,0	0,8193548387096774	0,9235	2,4332683086395264
19	5	RF	60	1,0	1,0	0,8193548387096774	0,8855	2,4140186309814453
42	1	RF	60	1,0	1,0	0,8089171974522293	0,9060266406757634	2,4081478118896484
42	2	RF	60	1,0	1,0	0,7579617834394905	0,8439733593242364	2,394127607345581
42	3	RF	60	1,0	1,0	0,8709677419354839	0,9345	2,4964466094970703
42	4	RF	60	1,0	1,0	0,864516129032258	0,93325	2,412856101989746
42	5	RF	60	1,0	1,0	0,7741935483870968	0,8563333333333333	2,3128533363342285
69	1	RF	60	1,0	1,0	0,7961783439490446	0,8877517868745939	2,4111433029174805
69	2	RF	60	1,0	0,9999999999999999	0,7898089171974523	0,8810103963612735	2,3767764568328857
69	3	RF	60	1,0	1,0	0,8451612903225807	0,9221666666666669	2,4158596992492676
69	4	RF	60	1,0	1,0	0,8387096774193549	0,92425	2,4205918312072754
69	5	RF	60	1,0	1,0	0,7806451612903226	0,8672500000000001	2,4035232067108154
19	1	RF	60	1,0	1,0	0,7961783439490446	0,8933560753736192	2,4041035175323486
19	2	RF	60	1,0	1,0	0,7834394904458599	0,8540448343079923	2,41024112701416
19	3	RF	60	1,0	1,0	0,8709677419354839	0,9202499999999999	2,4651806354522705
19	4	RF	60	1,0	1,0	0,8	0,9165833333333334	2,467407464981079
19	5	RF	60	1,0	1,0	0,8064516129032258	0,8831666666666667	2,40871524810791
69	1	RF	60	1,0	1,0	0,8152866242038217	0,8858024691358024	2,4054861068725586
69	2	RF	60	1,0	1,0	0,7707006369426752	0,8555068226120857	2,4027137756347656
69	3	RF	60	1,0	1,0	0,8387096774193549	0,9114166666666669	2,460543632507324
69	4	RF	60	1,0	1,0	0,8516129032258064	0,9385	2,483295440673828
69	5	RF	60	1,0	1,0	0,8129032258064516	0,8728333333333335	2,414094924926758
19	1	SVM	100	1,0	0,9999999999999999	0,8089171974522293	0,8896198830409356	17,682318210601807
19	2	SVM	100	1,0	0,9999999999999999	0,7770700636942676	0,8631416504223522	15,815364837646484
19	3	SVM	100	1,0	1,0	0,8387096774193549	0,9445	17,765477895736694
19	4	SVM	100	1,0	1,0	0,8451612903225807	0,9221666666666666	16,555540561676025
19	5	SVM	100	1,0	1,0	0,7612903225806451	0,9045	14,840394496917725
42	1	SVM	100	1,0	1,0	0,8343949044585988	0,927956465237167	16,723226070404053
42	2	SVM	100	1,0	1,0	0,7452229299363057	0,8203378817413904	16,286142587661743
42	3	SVM	100	1,0	1,0	0,864516129032258	0,9364999999999999	17,814313173294067
42	4	SVM	100	1,0	1,0	0,8258064516129032	0,911	15,990631341934204
42	5	SVM	100	1,0	0,9999999999999999	0,8	0,9008333333333333	14,935584306716919
69	1	SVM	100	1,0	1,0	0,8407643312101911	0,9228395061728396	17,744216680526733
69	2	SVM	100	1,0	1,0	0,7515923566878981	0,8461663417803768	15,498220682144165
69	3	SVM	100	1,0	1,0	0,864516129032258	0,9400833333333333	17,48131823539734
69	4	SVM	100	1,0	1,0	0,8387096774193549	0,9193333333333333	16,25774598121643
69	5	SVM	100	1,0	1,0	0,8193548387096774	0,9129166666666666	14,688310384750366
19	1	SVM	10	1,0	0,9999999999999999	0,7770700636942676	0,8352826510721247	17,554195880889893
19	2	SVM	10	1,0	1,0	0,7133757961783439	0,8069363222871995	15,733575105667114
19	3	SVM	10	1,0	1,0	0,7870967741935484	0,8848333333333334	18,07266068458557
19	4	SVM	10	1,0	1,0	0,7870967741935484	0,8362499999999999	16,405741214752197
19	5	SVM	10	1,0	1,0	0,7032258064516129	0,804	14,60122013092041
42	1	SVM	10	1,0	0,9999999999999999	0,7643312101910829	0,849740090968161	17,71945309638977
42	2	SVM	10	1,0	1,0	0,7197452229299363	0,8187946718648473	16,34146022796631
42	3	SVM	10	1,0	1,0	0,7741935483870968	0,8843333333333333	17,708503484725952
42	4	SVM	10	1,0	1,0	0,7354838709677419	0,8219166666666666	15,51970624923706
42	5	SVM	10	1,0	1,0	0,6903225806451613	0,7874166666666667	14,624142408370972
69	1	SVM	10	1,0	1,0	0,7770700636942676	0,8408057179987003	17,216394186019897
69	2	SVM	10	1,0	1,0	0,6114649681528662	0,6526153346328784	16,558672189712524
69	3	SVM	10	1,0	1,0	0,7677419354838709	0,8740833333333334	17,680229425430298
69	4	SVM	10	1,0	1,0	0,7161290322580646	0,8148333333333334	16,69843316078186
69	5	SVM	10	1,0	1,0	0,6838709677419355	0,7535833333333334	14,74583125114441
19	1	SVM	180	1,0	0,9999999999999999	0,8343949044585988	0,9065139701104613	17,618117570877075
19	2	SVM	174	1,0	1,0	0,7898089171974523	0,8692332683560753	16,648529291152954
19	3	SVM	186	1,0	1,0	0,8451612903225807	0,9298333333333334	18,009114027023315
19	4	SVM	178	1,0	1,0	0,8	0,9100833333333334	16,56023120880127
19	5	SVM	161	1,0	1,0	0,8258064516129032	0,92075	14,586912393569946
42	1	SVM	178	1,0	1,0	0,8152866242038217	0,8873456790123456	17,728103399276733
42	2	SVM	173	1,0	1,0	0,7707006369426752	0,8402371669915529	16,339539051055908
42	3	SVM	187	1,0	1,0	0,8516129032258064	0,9246666666666666	18,25187659263611
42	4	SVM	173	1,0	1,0	0,8451612903225807	0,9215	15,99514627456665
42	5	SVM	162	1,0	1,0	0,7870967741935484	0,9114166666666668	15,227628231048584
69	1	SVM	177	1,0	1,0	0,821656050955414	0,9139863547758285	17,636343240737915
69	2	SVM	164	1,0	1,0	0,7643312101910829	0,8480344379467185	15,889899015426636
69	3	SVM	187	1,0	1,0	0,8451612903225807	0,9391666666666666	17,703720092773438
69	4	SVM	170	1,0	0,9999999999999999	0,7935483870967742	0,922	15,724177837371826
69	5	SVM	164	1,0	1,0	0,8516129032258064	0,9269999999999999	15,0628023147583
19	1	SVM	20	1,0	1,0	0,8089171974522293	0,8884827810266407	17,03840708732605
19	2	SVM	20	1,0	1,0	0,732484076433121	0,8577810266406758	15,751678943634033
19	3	SVM	20	1,0	0,9999999999999999	0,8064516129032258	0,8982500000000001	17,393810987472534
19	4	SVM	20	1,0	1,0	0,7741935483870968	0,8890833333333332	15,964309215545654
19	5	SVM	20	1,0	1,0	0,7806451612903226	0,89975	14,807754755020142
42	1	SVM	20	1,0	1,0	0,821656050955414	0,901803118908382	18,123759746551514
42	2	SVM	20	1,0	1,0	0,7197452229299363	0,8166016894087069	16,139901399612427
42	3	SVM	20	1,0	1,0	0,7935483870967742	0,8965	16,996915102005005
42	4	SVM	20	1,0	1,0	0,7483870967741936	0,86325	15,953832626342773
42	5	SVM	20	1,0	1,0	0,7935483870967742	0,8936666666666667	14,87902307510376
69	1	SVM	20	1,0	1,0	0,8089171974522293	0,8917316439246263	16,948703050613403
69	2	SVM	20	1,0	1,0	0,7452229299363057	0,8237491877842754	16,001885414123535
69	3	SVM	20	1,0	1,0	0,7935483870967742	0,8676666666666667	17,982470750808716
69	4	SVM	20	1,0	1,0	0,8	0,89275	16,275821208953857
69	5	SVM	20	1,0	1,0	0,8	0,8821666666666668	14,775997400283813
19	1	SVM	50	1,0	1,0	0,8089171974522293	0,8893762183235867	18,01765489578247
19	2	SVM	50	1,0	1,0	0,732484076433121	0,808885640025991	16,222720861434937
19	3	SVM	50	1,0	1,0	0,8516129032258064	0,9388333333333334	17,454306602478027
19	4	SVM	50	1,0	1,0	0,832258064516129	0,92525	16,310424089431763
19	5	SVM	50	1,0	1,0	0,8193548387096774	0,8978333333333334	15,184314250946045
42	1	SVM	50	1,0	1,0	0,7834394904458599	0,8833658219623132	17,728450775146484
42	2	SVM	50	1,0	1,0	0,7643312101910829	0,8539636127355426	16,017342567443848
42	3	SVM	50	1,0	1,0	0,8516129032258064	0,9203333333333336	18,00749397277832
42	4	SVM	50	1,0	1,0	0,8	0,8966666666666666	16,053150415420532
42	5	SVM	50	1,0	1,0	0,8193548387096774	0,9085000000000001	14,292603254318237
69	1	SVM	50	1,0	1,0	0,8089171974522293	0,8849902534113061	17,843576669692993
69	2	SVM	50	1,0	1,0	0,7579617834394905	0,8546946068875894	15,915173053741455
69	3	SVM	50	1,0	1,0	0,8580645161290322	0,9415	17,57596468925476
69	4	SVM	50	1,0	1,0	0,8258064516129032	0,921	16,032010078430176
69	5	SVM	50	1,0	1,0	0,8129032258064516	0,9098333333333333	14,875702857971191
19	1	SVM	5	1,0	1,0	0,6815286624203821	0,7433398310591294	16,974499225616455
19	2	SVM	5	1,0	1,0	0,5987261146496815	0,6332846003898637	15,731509685516357
19	3	SVM	5	1,0	0,9999999999999999	0,7161290322580646	0,8194166666666667	17,07088041305542
19	4	SVM	5	1,0	1,0	0,632258064516129	0,72125	16,182908058166504
19	5	SVM	5	1,0	0,9999999999999999	0,6903225806451613	0,74975	14,87364673614502
42	1	SVM	5	1,0	1,0	0,7579617834394905	0,8114035087719299	17,524215698242188
42	2	SVM	5	1,0	1,0	0,6178343949044586	0,6346653671215075	15,69077730178833
42	3	SVM	5	1,0	1,0	0,7677419354838709	0,8270833333333333	16,982380151748657
42	4	SVM	5	1,0	0,9999999999999999	0,6451612903225806	0,7165	16,42136287689209
42	5	SVM	5	1,0	0,9999999999999999	0,7096774193548387	0,7863333333333334	14,87797999382019
69	1	SVM	5	1,0	1,0	0,7006369426751592	0,758853151397011	17,648435831069946
69	2	SVM	5	1,0	1,0	0,5987261146496815	0,6482293697205979	15,306190967559814
69	3	SVM	5	1,0	1,0	0,7419354838709677	0,8472500000000001	17,28978657722473
69	4	SVM	5	1,0	1,0	0,6580645161290323	0,7200833333333333	16,699523448944092
69	5	SVM	5	1,0	1,0	0,7032258064516129	0,7330833333333333	14,62941861152649
69	1	ALL	4635	1,0	1,0	0,7961783439490446	0,8809291747888238	2,0907747745513916
69	2	ALL	4635	1,0	1,0	0,7579617834394905	0,8539636127355424	2,12287974357605
69	3	ALL	4635	1,0	1,0	0,864516129032258	0,9281666666666667	2,1326396465301514
69	4	ALL	4635	1,0	1,0	0,832258064516129	0,9364166666666668	2,1286871433258057
69	5	ALL	4635	1,0	1,0	0,8129032258064516	0,9040833333333332	2,1196303367614746
42	1	ALL	4635	1,0	1,0	0,7770700636942676	0,8951429499675112	2,1088411808013916
42	2	ALL	4635	1,0	1,0	0,7707006369426752	0,8477095516569201	2,1327548027038574
42	3	ALL	4635	1,0	1,0	0,8387096774193549	0,9268333333333333	2,089411735534668
42	4	ALL	4635	1,0	1,0	0,8	0,9203333333333334	2,143435001373291
42	5	ALL	4635	1,0	1,0	0,8064516129032258	0,9004166666666668	2,1007065773010254
19	1	ALL	4635	1,0	1,0	0,7961783439490446	0,8925438596491229	2,1310014724731445
19	2	ALL	4635	1,0	1,0	0,7707006369426752	0,8522579597141	2,0975213050842285
19	3	ALL	4635	1,0	1,0	0,8838709677419355	0,9431666666666666	2,153634548187256
19	4	ALL	4635	1,0	1,0	0,8258064516129032	0,9123333333333332	2,1141269207000732
19	5	ALL	4635	1,0	1,0	0,7935483870967742	0,908	2,1036219596862793
